1767583	0	0	-1
1767584	0	0	-1
1767585	0	0	-1
1767586	0	0	-1
1767587	0	0	-1
1767588	0	0	-1
1767589	0	0	-1
1767590	0	0	-1
1767591	0	0	-1
1767592	0	0	-1
1767593	0	0	-1
1767594	0	0	-1
1767595	0	0	-1
1767596	0	0	-1
1767597	0	0	-1
1767598	0	0	-1
1767599	0	0	-1
1767600	0	0	-1
1767601	0	0	-1
1767602	0	0	-1
1767603	0	0	-1
1767604	0	0	-1
1767605	0	0	-1
1767606	0	0	-1
1767607	0	0	-1
1767608	0	0	-1
1767609	0	0	-1
1767610	0	0	-1
1767611	0	0	-1
1767612	0	0	-1
1767613	0	0	-1
1767614	0	0	-1
1767615	0	0	-1
1767616	0	0	-1
1767617	0	0	-1
1767618	0	0	-1
1767619	0	0	-1
1767620	0	0	-1
1767621	0	0	-1
1767622	0	0	-1
1767623	0	0	-1
1767630	0	0	-1
1767631	0	0	-1
1767632	0	0	-1
1767633	0	0	-1
1767634	0	0	-1
1767635	0	0	-1
1767636	0	0	-1
1767643	0	0	-1
1767644	0	0	-1
1767645	0	0	-1
1767646	0	0	-1
1767647	0	0	-1
1767657	0	0	-1
1767658	0	0	-1
1767659	0	0	-1
1767660	0	0	-1
1767661	0	0	-1
1767662	0	0	-1
1767672	0	0	-1
1767673	0	0	-1
1767674	0	0	-1
1767675	0	0	-1
1767676	0	0	-1
1767687	0	0	-1
1767688	0	0	-1
1767689	0	0	-1
1767690	0	0	-1
1767691	0	0	-1
1767692	0	0	-1
1767704	0	0	-1
1767705	0	0	-1
1767706	0	0	-1
1767707	0	0	-1
1767708	0	0	-1
1767720	0	0	-1
1767721	0	0	-1
1767722	0	0	-1
1767723	0	0	-1
1767724	0	0	-1
1767725	0	0	-1
1767738	0	0	-1
1767739	0	0	-1
1767740	0	0	-1
1767741	0	0	-1
1767755	0	0	-1
1767756	0	0	-1
1767757	0	0	-1
1767758	0	0	-1
1767759	0	0	-1
1767760	0	0	-1
1767774	0	0	-1
1767775	0	0	-1
1767776	0	0	-1
1767777	0	0	-1
1767792	0	0	-1
1767793	0	0	-1
1767794	0	0	-1
1767795	0	0	-1
1767796	0	0	-1
1767811	0	0	-1
1767812	0	0	-1
1767813	0	0	-1
1767814	0	0	-1
1767830	0	0	-1
1767831	0	0	-1
1767832	0	0	-1
1767833	0	0	-1
1767850	0	0	-1
1767851	0	0	-1
1767852	0	0	-1
1767868	0	0	-1
1767869	0	0	-1
1767870	0	0	-1
1767871	0	0	-1
1767872	0	0	-1
1767889	0	0	-1
1767890	0	0	-1
1767891	0	0	-1
1767908	0	0	-1
1767909	0	0	-1
1767910	0	0	-1
1767911	0	0	-1
1767912	0	0	-1
1767929	0	0	-1
1767930	0	0	-1
1767931	0	0	-1
1767932	0	0	-1
1767949	0	0	-1
1767950	0	0	-1
1767951	0	0	-1
1767952	0	0	-1
1767953	0	0	-1
1767970	0	0	-1
1767971	0	0	-1
1767972	0	0	-1
1767973	0	0	-1
1767990	0	0	-1
1767991	0	0	-1
1767992	0	0	-1
1767993	0	0	-1
1767994	0	0	-1
1768012	0	0	-1
1768013	0	0	-1
1768014	0	0	-1
1768015	0	0	-1
1768033	0	0	-1
1768034	0	0	-1
1768035	0	0	-1
1768036	0	0	-1
1768037	0	0	-1
1768054	0	0	-1
1768055	0	0	-1
1768056	0	0	-1
1768057	0	0	-1
1768075	0	0	-1
1768076	0	0	-1
1768077	0	0	-1
1768078	0	0	-1
1768096	0	0	-1
1768097	0	0	-1
1768098	0	0	-1
1768099	0	0	-1
1768100	0	0	-1
1768117	0	0	-1
1768118	0	0	-1
1768119	0	0	-1
1768120	0	0	-1
1768121	0	0	-1
1768139	0	0	-1
1768140	0	0	-1
1768141	0	0	-1
1768142	0	0	-1
1768159	0	0	-1
1768160	0	0	-1
1768161	0	0	-1
1768162	0	0	-1
1768163	0	0	-1
1768180	0	0	-1
1768181	0	0	-1
1768182	0	0	-1
1768183	0	0	-1
1768184	0	0	-1
1768201	0	0	-1
1768202	0	0	-1
1768203	0	0	-1
1768204	0	0	-1
1768205	0	0	-1
1768222	0	0	-1
1768223	0	0	-1
1768224	0	0	-1
1768225	0	0	-1
1768242	0	0	-1
1768243	0	0	-1
1768244	0	0	-1
1768245	0	0	-1
1768262	0	0	-1
1768263	0	0	-1
1768264	0	0	-1
1768265	0	0	-1
1768281	0	0	-1
1768282	0	0	-1
1768283	0	0	-1
1768284	0	0	-1
1768285	0	0	-1
1768300	0	0	-1
1768301	0	0	-1
1768302	0	0	-1
1768303	0	0	-1
1768304	0	0	-1
1768305	0	0	-1
1768319	0	0	-1
1768320	0	0	-1
1768321	0	0	-1
1768322	0	0	-1
1768323	0	0	-1
1768324	0	0	-1
1768339	0	0	-1
1768340	0	0	-1
1768341	0	0	-1
1768342	0	0	-1
1768356	0	0	-1
1768357	0	0	-1
1768358	0	0	-1
1768359	0	0	-1
1768360	0	0	-1
1768361	0	0	-1
1768375	0	0	-1
1768376	0	0	-1
1768377	0	0	-1
1768378	0	0	-1
1768379	0	0	-1
1768380	0	0	-1
1768393	0	0	-1
1768394	0	0	-1
1768395	0	0	-1
1768396	0	0	-1
1768397	0	0	-1
1768398	0	0	-1
1768410	0	0	-1
1768411	0	0	-1
1768412	0	0	-1
1768413	0	0	-1
1768414	0	0	-1
1768415	0	0	-1
1768426	0	0	-1
1768427	0	0	-1
1768428	0	0	-1
1768429	0	0	-1
1768430	0	0	-1
1768431	0	0	-1
1768432	0	0	-1
1768442	0	0	-1
1768443	0	0	-1
1768444	0	0	-1
1768445	0	0	-1
1768446	0	0	-1
1768447	0	0	-1
1768448	0	0	-1
1768456	0	0	-1
1768457	0	0	-1
1768458	0	0	-1
1768459	0	0	-1
1768460	0	0	-1
1768461	0	0	-1
1768462	0	0	-1
1768463	0	0	-1
1768471	0	0	-1
1768472	0	0	-1
1768473	0	0	-1
1768474	0	0	-1
1768475	0	0	-1
1768476	0	0	-1
1768477	0	0	-1
1768478	0	0	-1
1768481	0	0	-1
1768482	0	0	-1
1768483	0	0	-1
1768484	0	0	-1
1768485	0	0	-1
1768486	0	0	-1
1768487	0	0	-1
1768488	0	0	-1
1768489	0	0	-1
1768490	0	0	-1
1768491	0	0	-1
1768492	0	0	-1
1768493	0	0	-1
1768495	0	0	-1
1768496	0	0	-1
1768497	0	0	-1
1768498	0	0	-1
1768499	0	0	-1
1768500	0	0	-1
1768501	0	0	-1
1768502	0	0	-1
1768503	0	0	-1
1768504	0	0	-1
1768505	0	0	-1
1768506	0	0	-1
1768507	0	0	-1
1768508	0	0	-1
1768509	0	0	-1
1768510	0	0	-1
1768511	0	0	-1
1768512	0	0	-1
1768513	0	0	-1
1768514	0	0	-1
1768515	0	0	-1
1768516	0	0	-1
1768517	0	0	-1
1768518	0	0	-1
1768519	0	0	-1
1768520	0	0	-1
1768521	0	0	-1
1768522	0	0	-1
1768523	0	0	-1
1768524	0	0	-1
1768525	0	0	-1
1768526	0	0	-1
1768527	0	0	-1
1768528	0	0	-1
1768529	0	0	-1
1768530	0	0	-1
1768531	0	0	-1
1768532	0	0	-1
1768533	0	0	-1
1768534	0	0	-1
1768535	0	0	-1
1768536	0	0	-1
1768537	0	0	-1
1768538	0	0	-1
1768539	0	0	-1
1768540	0	0	-1
1768541	0	0	-1
1768542	0	0	-1
1768543	0	0	-1
1768544	0	0	-1
1768545	0	0	-1
1768546	0	0	-1
1768547	0	0	-1
1768548	0	0	-1
1768549	0	0	-1
1768550	0	0	-1
1768551	0	0	-1
1768552	0	0	-1
1768553	0	0	-1
1768554	0	0	-1
1768555	0	0	-1
1768556	0	0	-1
1768557	0	0	-1
1768558	0	0	-1
1768559	0	0	-1
1768560	0	0	-1
1768561	0	0	-1
1768562	0	0	-1
1768563	0	0	-1
1768564	0	0	-1
1768565	0	0	-1
1768566	0	0	-1
1768567	0	0	-1
1768568	0	0	-1
1768569	0	0	-1
1768570	0	0	-1
1768571	0	0	-1
1768572	0	0	-1
1768573	0	0	-1
1768574	0	0	-1
1768575	0	0	-1
1768576	0	0	-1
1768577	0	0	-1
1768578	0	0	-1
1768579	0	0	-1
1768580	0	0	-1
1768581	0	0	-1
1768582	0	0	-1
1768583	0	0	-1
1768584	0	0	-1
1768585	0	0	-1
1768586	0	0	-1
1768587	0	0	-1
1768588	0	0	-1
1768589	0	0	-1
1768590	0	0	-1
1768591	0	0	-1
1768592	0	0	-1
1768602	0	0	-1
1768603	0	0	-1
1768604	0	0	-1
1768605	0	0	-1
1768606	0	0	-1
1768607	0	0	-1
1768608	0	0	-1
1768609	0	0	-1
1768610	0	0	-1
1768611	0	0	-1
1768612	0	0	-1
1768613	0	0	-1
1768614	0	0	-1
1768624	0	0	-1
1768625	0	0	-1
1768626	0	0	-1
1768627	0	0	-1
1768628	0	0	-1
1768629	0	0	-1
1768630	0	0	-1
1768631	0	0	-1
1768632	0	0	-1
1768633	0	0	-1
1768651	0	0	-1
1768652	0	0	-1
1768653	0	0	-1
1768654	0	0	-1
1768655	0	0	-1
1768656	0	0	-1
1768657	0	0	-1
1768658	0	0	-1
1768659	0	0	-1
1768676	0	0	-1
1768677	0	0	-1
1768678	0	0	-1
1768679	0	0	-1
1768680	0	0	-1
1768681	0	0	-1
1768682	0	0	-1
1768703	0	0	-1
1768704	0	0	-1
1768705	0	0	-1
1768706	0	0	-1
1768707	0	0	-1
1768708	0	0	-1
1768709	0	0	-1
1768710	0	0	-1
1768731	0	0	-1
1768732	0	0	-1
1768733	0	0	-1
1768734	0	0	-1
1768735	0	0	-1
1768736	0	0	-1
1768759	0	0	-1
1768760	0	0	-1
1768761	0	0	-1
1768762	0	0	-1
1768763	0	0	-1
1768764	0	0	-1
1768765	0	0	-1
1768788	0	0	-1
1768789	0	0	-1
1768790	0	0	-1
1768791	0	0	-1
1768792	0	0	-1
1768817	0	0	-1
1768818	0	0	-1
1768819	0	0	-1
1768820	0	0	-1
1768821	0	0	-1
1768822	0	0	-1
1768823	0	0	-1
1768847	0	0	-1
1768848	0	0	-1
1768849	0	0	-1
1768850	0	0	-1
1768851	0	0	-1
1768852	0	0	-1
1768877	0	0	-1
1768878	0	0	-1
1768879	0	0	-1
1768880	0	0	-1
1768881	0	0	-1
1768882	0	0	-1
1768908	0	0	-1
1768909	0	0	-1
1768910	0	0	-1
1768911	0	0	-1
1768938	0	0	-1
1768939	0	0	-1
1768940	0	0	-1
1768941	0	0	-1
1768942	0	0	-1
1768968	0	0	-1
1768969	0	0	-1
1768970	0	0	-1
1768971	0	0	-1
1768998	0	0	-1
1768999	0	0	-1
1769000	0	0	-1
1769001	0	0	-1
1769002	0	0	-1
1769028	0	0	-1
1769029	0	0	-1
1769030	0	0	-1
1769031	0	0	-1
1769058	0	0	-1
1769059	0	0	-1
1769060	0	0	-1
1769061	0	0	-1
1769062	0	0	-1
1769088	0	0	-1
1769089	0	0	-1
1769090	0	0	-1
1769091	0	0	-1
1769118	0	0	-1
1769119	0	0	-1
1769120	0	0	-1
1769121	0	0	-1
1769122	0	0	-1
1769148	0	0	-1
1769149	0	0	-1
1769150	0	0	-1
1769151	0	0	-1
1769176	0	0	-1
1769177	0	0	-1
1769178	0	0	-1
1769179	0	0	-1
1769180	0	0	-1
1769181	0	0	-1
1769207	0	0	-1
1769208	0	0	-1
1769209	0	0	-1
1769210	0	0	-1
1769211	0	0	-1
1769234	0	0	-1
1769235	0	0	-1
1769236	0	0	-1
1769237	0	0	-1
1769238	0	0	-1
1769239	0	0	-1
1769240	0	0	-1
1769264	0	0	-1
1769265	0	0	-1
1769266	0	0	-1
1769267	0	0	-1
1769268	0	0	-1
1769290	0	0	-1
1769291	0	0	-1
1769292	0	0	-1
1769293	0	0	-1
1769294	0	0	-1
1769295	0	0	-1
1769296	0	0	-1
1769318	0	0	-1
1769319	0	0	-1
1769320	0	0	-1
1769321	0	0	-1
1769322	0	0	-1
1769323	0	0	-1
1769342	0	0	-1
1769343	0	0	-1
1769344	0	0	-1
1769345	0	0	-1
1769346	0	0	-1
1769347	0	0	-1
1769348	0	0	-1
1769349	0	0	-1
1769350	0	0	-1
1769369	0	0	-1
1769370	0	0	-1
1769371	0	0	-1
1769372	0	0	-1
1769373	0	0	-1
1769374	0	0	-1
1769375	0	0	-1
1769376	0	0	-1
1769377	0	0	-1
1769391	0	0	-1
1769392	0	0	-1
1769393	0	0	-1
1769394	0	0	-1
1769395	0	0	-1
1769396	0	0	-1
1769397	0	0	-1
1769398	0	0	-1
1769399	0	0	-1
1769400	0	0	-1
1769415	0	0	-1
1769416	0	0	-1
1769417	0	0	-1
1769418	0	0	-1
1769419	0	0	-1
1769420	0	0	-1
1769421	0	0	-1
1769422	0	0	-1
1769423	0	0	-1
1769424	0	0	-1
1769425	0	0	-1
1769426	0	0	-1
1769427	0	0	-1
1769428	0	0	-1
1769429	0	0	-1
1769430	0	0	-1
1769431	0	0	-1
1769432	0	0	-1
1769433	0	0	-1
1769434	0	0	-1
1769435	0	0	-1
1769436	0	0	-1
1769437	0	0	-1
1769438	0	0	-1
1769439	0	0	-1
1769440	0	0	-1
1769441	0	0	-1
1769442	0	0	-1
1769443	0	0	-1
1769444	0	0	-1
1769445	0	0	-1
1769446	0	0	-1
1769447	0	0	-1
1769448	0	0	-1
1769449	0	0	-1
1769450	0	0	-1
1769451	0	0	-1
1769452	0	0	-1
1769453	0	0	-1
1769454	0	0	-1
1769455	0	0	-1
1769456	0	0	-1
1769457	0	0	-1
1769458	0	0	-1
1769459	0	0	-1
1769460	0	0	-1
1769461	0	0	-1
1769462	0	0	-1
1769463	0	0	-1
1769464	0	0	-1
1769465	0	0	-1
1769466	0	0	-1
1769467	0	0	-1
1769468	0	0	-1
1769469	0	0	-1
1769470	0	0	-1
1769471	0	0	-1
1769472	0	0	-1
1769473	0	0	-1
1769474	0	0	-1
1769475	0	0	-1
1769476	0	0	-1
1769477	0	0	-1
1769478	0	0	-1
1769479	0	0	-1
1769480	0	0	-1
1769481	0	0	-1
1769482	0	0	-1
1769483	0	0	-1
1769484	0	0	-1
1769485	0	0	-1
1769486	0	0	-1
1769487	0	0	-1
1769488	0	0	-1
1769489	0	0	-1
1769490	0	0	-1
1769491	0	0	-1
1769492	0	0	-1
1769493	0	0	-1
1769494	0	0	-1
1769495	0	0	-1
1769496	0	0	-1
1769497	0	0	-1
1769498	0	0	-1
1769499	0	0	-1
1769500	0	0	-1
1769501	0	0	-1
1769502	0	0	-1
1769503	0	0	-1
1769504	0	0	-1
1769505	0	0	-1
1769506	0	0	-1
1769507	0	0	-1
1769508	0	0	-1
1769509	0	0	-1
1769510	0	0	-1
1769511	0	0	-1
1769512	0	0	-1
1769513	0	0	-1
1769514	0	0	-1
1769515	0	0	-1
1769516	0	0	-1
1769517	0	0	-1
1769518	0	0	-1
1769519	0	0	-1
1769520	0	0	-1
1769521	0	0	-1
1769522	0	0	-1
1769523	0	0	-1
1769524	0	0	-1
1769525	0	0	-1
1769526	0	0	-1
1769527	0	0	-1
1769528	0	0	-1
1769529	0	0	-1
1769530	0	0	-1
1769531	0	0	-1
1769532	0	0	-1
1769533	0	0	-1
1769534	0	0	-1
1769535	0	0	-1
1769536	0	0	-1
1769537	0	0	-1
1769538	0	0	-1
1769539	0	0	-1
1769540	0	0	-1
1769541	0	0	-1
1769542	0	0	-1
1769543	0	0	-1
1769549	0	0	-1
1769550	0	0	-1
1769551	0	0	-1
1769552	0	0	-1
1769553	0	0	-1
1769554	0	0	-1
1769555	0	0	-1
1769556	0	0	-1
1769557	0	0	-1
1769558	0	0	-1
1769564	0	0	-1
1769565	0	0	-1
1769566	0	0	-1
1769567	0	0	-1
1769568	0	0	-1
1769569	0	0	-1
1769570	0	0	-1
1769579	0	0	-1
1769580	0	0	-1
1769581	0	0	-1
1769582	0	0	-1
1769583	0	0	-1
1769584	0	0	-1
1769585	0	0	-1
1769586	0	0	-1
1769596	0	0	-1
1769597	0	0	-1
1769598	0	0	-1
1769599	0	0	-1
1769600	0	0	-1
1769601	0	0	-1
1769612	0	0	-1
1769613	0	0	-1
1769614	0	0	-1
1769615	0	0	-1
1769616	0	0	-1
1769617	0	0	-1
1769618	0	0	-1
1769630	0	0	-1
1769631	0	0	-1
1769632	0	0	-1
1769633	0	0	-1
1769634	0	0	-1
1769635	0	0	-1
1769648	0	0	-1
1769649	0	0	-1
1769650	0	0	-1
1769651	0	0	-1
1769652	0	0	-1
1769653	0	0	-1
1769667	0	0	-1
1769668	0	0	-1
1769669	0	0	-1
1769670	0	0	-1
1769671	0	0	-1
1769672	0	0	-1
1769686	0	0	-1
1769687	0	0	-1
1769688	0	0	-1
1769689	0	0	-1
1769690	0	0	-1
1769691	0	0	-1
1769705	0	0	-1
1769706	0	0	-1
1769707	0	0	-1
1769708	0	0	-1
1769709	0	0	-1
1769725	0	0	-1
1769726	0	0	-1
1769727	0	0	-1
1769728	0	0	-1
1769729	0	0	-1
1769744	0	0	-1
1769745	0	0	-1
1769746	0	0	-1
1769747	0	0	-1
1769748	0	0	-1
1769749	0	0	-1
1769765	0	0	-1
1769766	0	0	-1
1769767	0	0	-1
1769768	0	0	-1
1769769	0	0	-1
1769785	0	0	-1
1769786	0	0	-1
1769787	0	0	-1
1769788	0	0	-1
1769805	0	0	-1
1769806	0	0	-1
1769807	0	0	-1
1769808	0	0	-1
1769825	0	0	-1
1769826	0	0	-1
1769827	0	0	-1
1769828	0	0	-1
1769846	0	0	-1
1769847	0	0	-1
1769848	0	0	-1
1769849	0	0	-1
1769866	0	0	-1
1769867	0	0	-1
1769868	0	0	-1
1769869	0	0	-1
1769886	0	0	-1
1769887	0	0	-1
1769888	0	0	-1
1769889	0	0	-1
1769890	0	0	-1
1769908	0	0	-1
1769909	0	0	-1
1769910	0	0	-1
1769911	0	0	-1
1769928	0	0	-1
1769929	0	0	-1
1769930	0	0	-1
1769931	0	0	-1
1769949	0	0	-1
1769950	0	0	-1
1769951	0	0	-1
1769952	0	0	-1
1769970	0	0	-1
1769971	0	0	-1
1769972	0	0	-1
1769973	0	0	-1
1769974	0	0	-1
1769991	0	0	-1
1769992	0	0	-1
1769993	0	0	-1
1769994	0	0	-1
1770011	0	0	-1
1770012	0	0	-1
1770013	0	0	-1
1770014	0	0	-1
1770015	0	0	-1
1770033	0	0	-1
1770034	0	0	-1
1770035	0	0	-1
1770036	0	0	-1
1770053	0	0	-1
1770054	0	0	-1
1770055	0	0	-1
1770056	0	0	-1
1770057	0	0	-1
1770074	0	0	-1
1770075	0	0	-1
1770076	0	0	-1
1770077	0	0	-1
1770094	0	0	-1
1770095	0	0	-1
1770096	0	0	-1
1770097	0	0	-1
1770098	0	0	-1
1770115	0	0	-1
1770116	0	0	-1
1770117	0	0	-1
1770118	0	0	-1
1770135	0	0	-1
1770136	0	0	-1
1770137	0	0	-1
1770138	0	0	-1
1770139	0	0	-1
1770156	0	0	-1
1770157	0	0	-1
1770158	0	0	-1
1770174	0	0	-1
1770175	0	0	-1
1770176	0	0	-1
1770177	0	0	-1
1770178	0	0	-1
1770195	0	0	-1
1770196	0	0	-1
1770197	0	0	-1
1770212	0	0	-1
1770213	0	0	-1
1770214	0	0	-1
1770215	0	0	-1
1770216	0	0	-1
1770217	0	0	-1
1770233	0	0	-1
1770234	0	0	-1
1770235	0	0	-1
1770250	0	0	-1
1770251	0	0	-1
1770252	0	0	-1
1770253	0	0	-1
1770254	0	0	-1
1770269	0	0	-1
1770270	0	0	-1
1770284	0	0	-1
1770285	0	0	-1
1770286	0	0	-1
1770287	0	0	-1
1770288	0	0	-1
1770289	0	0	-1
1770302	0	0	-1
1770303	0	0	-1
1770304	0	0	-1
1770317	0	0	-1
1770318	0	0	-1
1770319	0	0	-1
1770320	0	0	-1
1770321	0	0	-1
1770334	0	0	-1
1770335	0	0	-1
1770336	0	0	-1
1770337	0	0	-1
1770348	0	0	-1
1770349	0	0	-1
1770350	0	0	-1
1770351	0	0	-1
1770352	0	0	-1
1770353	0	0	-1
1770364	0	0	-1
1770365	0	0	-1
1770366	0	0	-1
1770367	0	0	-1
1770368	0	0	-1
1770369	0	0	-1
1770377	0	0	-1
1770378	0	0	-1
1770379	0	0	-1
1770380	0	0	-1
1770381	0	0	-1
1770382	0	0	-1
1770383	0	0	-1
1770391	0	0	-1
1770392	0	0	-1
1770393	0	0	-1
1770394	0	0	-1
1770395	0	0	-1
1770396	0	0	-1
1770397	0	0	-1
1770401	0	0	-1
1770402	0	0	-1
1770403	0	0	-1
1770404	0	0	-1
1770405	0	0	-1
1770406	0	0	-1
1770407	0	0	-1
1770408	0	0	-1
1770409	0	0	-1
1770414	0	0	-1
1770415	0	0	-1
1770416	0	0	-1
1770417	0	0	-1
1770418	0	0	-1
1770419	0	0	-1
1770420	0	0	-1
1770421	0	0	-1
1770422	0	0	-1
1770423	0	0	-1
1770424	0	0	-1
1770425	0	0	-1
1770426	0	0	-1
1770427	0	0	-1
1770428	0	0	-1
1770429	0	0	-1
1770430	0	0	-1
1770431	0	0	-1
1770432	0	0	-1
1770433	0	0	-1
1770434	0	0	-1
1770435	0	0	-1
1770436	0	0	-1
1770437	0	0	-1
1770438	0	0	-1
1770439	0	0	-1
1770440	0	0	-1
1770441	0	0	-1
1770442	0	0	-1
1770443	0	0	-1
1770444	0	0	-1
1770445	0	0	-1
1770446	0	0	-1
1770447	0	0	-1
1770448	0	0	-1
1770449	0	0	-1
1770450	0	0	-1
1770451	0	0	-1
1770452	0	0	-1
1770453	0	0	-1
1770454	0	0	-1
1770455	0	0	-1
1770456	0	0	-1
1770457	0	0	-1
1770458	0	0	-1
1770459	0	0	-1
1770460	0	0	-1
1770463	0	0	-1
1770464	0	0	-1
1770465	0	0	-1
1770466	0	0	-1
1770467	0	0	-1
1770468	0	0	-1
1770469	0	0	-1
1770470	0	0	-1
1770471	0	0	-1
1770472	0	0	-1
1770473	0	0	-1
1770474	0	0	-1
1770475	0	0	-1
1770476	0	0	-1
1770477	0	0	-1
1770478	0	0	-1
1770479	0	0	-1
1770480	0	0	-1
1770488	0	0	-1
1770489	0	0	-1
1770490	0	0	-1
1770491	0	0	-1
1770492	0	0	-1
1770493	0	0	-1
1770494	0	0	-1
1770501	0	0	-1
1770502	0	0	-1
1770503	0	0	-1
1770504	0	0	-1
1770505	0	0	-1
1770514	0	0	-1
1770515	0	0	-1
1770516	0	0	-1
1770517	0	0	-1
1770518	0	0	-1
1770519	0	0	-1
1770529	0	0	-1
1770530	0	0	-1
1770531	0	0	-1
1770532	0	0	-1
1770543	0	0	-1
1770544	0	0	-1
1770545	0	0	-1
1770546	0	0	-1
1770547	0	0	-1
1770548	0	0	-1
1770560	0	0	-1
1770561	0	0	-1
1770562	0	0	-1
1770574	0	0	-1
1770575	0	0	-1
1770576	0	0	-1
1770577	0	0	-1
1770578	0	0	-1
1770579	0	0	-1
1770592	0	0	-1
1770593	0	0	-1
1770594	0	0	-1
1770607	0	0	-1
1770608	0	0	-1
1770609	0	0	-1
1770610	0	0	-1
1770611	0	0	-1
1770612	0	0	-1
1770626	0	0	-1
1770627	0	0	-1
1770628	0	0	-1
1770629	0	0	-1
1770643	0	0	-1
1770644	0	0	-1
1770645	0	0	-1
1770646	0	0	-1
1770661	0	0	-1
1770662	0	0	-1
1770663	0	0	-1
1770664	0	0	-1
1770678	0	0	-1
1770679	0	0	-1
1770680	0	0	-1
1770681	0	0	-1
1770682	0	0	-1
1770683	0	0	-1
1770698	0	0	-1
1770699	0	0	-1
1770700	0	0	-1
1770701	0	0	-1
1770716	0	0	-1
1770717	0	0	-1
1770718	0	0	-1
1770719	0	0	-1
1770720	0	0	-1
1770736	0	0	-1
1770737	0	0	-1
1770738	0	0	-1
1770739	0	0	-1
1770755	0	0	-1
1770756	0	0	-1
1770757	0	0	-1
1770758	0	0	-1
1770759	0	0	-1
1770774	0	0	-1
1770775	0	0	-1
1770776	0	0	-1
1770777	0	0	-1
1770792	0	0	-1
1770793	0	0	-1
1770794	0	0	-1
1770795	0	0	-1
1770796	0	0	-1
1770812	0	0	-1
1770813	0	0	-1
1770814	0	0	-1
1770815	0	0	-1
1770831	0	0	-1
1770832	0	0	-1
1770833	0	0	-1
1770834	0	0	-1
1770835	0	0	-1
1770851	0	0	-1
1770852	0	0	-1
1770853	0	0	-1
1770854	0	0	-1
1770870	0	0	-1
1770871	0	0	-1
1770872	0	0	-1
1770873	0	0	-1
1770889	0	0	-1
1770890	0	0	-1
1770891	0	0	-1
1770892	0	0	-1
1770908	0	0	-1
1770909	0	0	-1
1770910	0	0	-1
1770911	0	0	-1
1770927	0	0	-1
1770928	0	0	-1
1770929	0	0	-1
1770930	0	0	-1
1770945	0	0	-1
1770946	0	0	-1
1770947	0	0	-1
1770948	0	0	-1
1770949	0	0	-1
1770964	0	0	-1
1770965	0	0	-1
1770966	0	0	-1
1770967	0	0	-1
1770968	0	0	-1
1770969	0	0	-1
1770984	0	0	-1
1770985	0	0	-1
1770986	0	0	-1
1770987	0	0	-1
1770988	0	0	-1
1771003	0	0	-1
1771004	0	0	-1
1771005	0	0	-1
1771006	0	0	-1
1771007	0	0	-1
1771020	0	0	-1
1771021	0	0	-1
1771022	0	0	-1
1771023	0	0	-1
1771024	0	0	-1
1771025	0	0	-1
1771039	0	0	-1
1771040	0	0	-1
1771041	0	0	-1
1771042	0	0	-1
1771043	0	0	-1
1771044	0	0	-1
1771057	0	0	-1
1771058	0	0	-1
1771059	0	0	-1
1771060	0	0	-1
1771061	0	0	-1
1771062	0	0	-1
1771075	0	0	-1
1771076	0	0	-1
1771077	0	0	-1
1771078	0	0	-1
1771079	0	0	-1
1771080	0	0	-1
1771092	0	0	-1
1771093	0	0	-1
1771094	0	0	-1
1771095	0	0	-1
1771096	0	0	-1
1771097	0	0	-1
1771109	0	0	-1
1771110	0	0	-1
1771111	0	0	-1
1771112	0	0	-1
1771113	0	0	-1
1771123	0	0	-1
1771124	0	0	-1
1771125	0	0	-1
1771126	0	0	-1
1771127	0	0	-1
1771128	0	0	-1
1771139	0	0	-1
1771140	0	0	-1
1771141	0	0	-1
1771142	0	0	-1
1771143	0	0	-1
1771144	0	0	-1
1771145	0	0	-1
1771154	0	0	-1
1771155	0	0	-1
1771156	0	0	-1
1771157	0	0	-1
1771158	0	0	-1
1771159	0	0	-1
1771160	0	0	-1
1771168	0	0	-1
1771169	0	0	-1
1771170	0	0	-1
1771171	0	0	-1
1771172	0	0	-1
1771173	0	0	-1
1771174	0	0	-1
1771175	0	0	-1
1771176	0	0	-1
1771181	0	0	-1
1771182	0	0	-1
1771183	0	0	-1
1771184	0	0	-1
1771185	0	0	-1
1771186	0	0	-1
1771187	0	0	-1
1771188	0	0	-1
1771189	0	0	-1
1771190	0	0	-1
1771194	0	0	-1
1771195	0	0	-1
1771196	0	0	-1
1771197	0	0	-1
1771198	0	0	-1
1771199	0	0	-1
1771200	0	0	-1
1771201	0	0	-1
1771202	0	0	-1
1771203	0	0	-1
1771204	0	0	-1
1771205	0	0	-1
1771206	0	0	-1
1771207	0	0	-1
1771208	0	0	-1
1771209	0	0	-1
1771210	0	0	-1
1771211	0	0	-1
1771212	0	0	-1
1771213	0	0	-1
1771214	0	0	-1
1771215	0	0	-1
1771216	0	0	-1
1771217	0	0	-1
1771218	0	0	-1
1771219	0	0	-1
1771220	0	0	-1
1771221	0	0	-1
1771222	0	0	-1
1771223	0	0	-1
1771224	0	0	-1
1771225	0	0	-1
1771226	0	0	-1
1771227	0	0	-1
1771228	0	0	-1
1771229	0	0	-1
1771230	0	0	-1
1771231	0	0	-1
1771232	0	0	-1
1771233	0	0	-1
1771234	0	0	-1
1771235	0	0	-1
1771236	0	0	-1
1771237	0	0	-1
1771238	0	0	-1
1771239	0	0	-1
1771240	0	0	-1
1771241	0	0	-1
1771242	0	0	-1
1771243	0	0	-1
1771244	0	0	-1
1771245	0	0	-1
1771246	0	0	-1
1771247	0	0	-1
1771248	0	0	-1
1771249	0	0	-1
1771250	0	0	-1
1771251	0	0	-1
1771252	0	0	-1
1771253	0	0	-1
1771254	0	0	-1
1771255	0	0	-1
1771256	0	0	-1
1771257	0	0	-1
1771258	0	0	-1
1771259	0	0	-1
1771260	0	0	-1
1771261	0	0	-1
1771262	0	0	-1
1771263	0	0	-1
1771264	0	0	-1
1771265	0	0	-1
1771266	0	0	-1
1771267	0	0	-1
1771268	0	0	-1
1771269	0	0	-1
1771270	0	0	-1
1771271	0	0	-1
1771272	0	0	-1
1771273	0	0	-1
1771274	0	0	-1
1771275	0	0	-1
1771276	0	0	-1
1771277	0	0	-1
1771278	0	0	-1
1771279	0	0	-1
1771280	0	0	-1
1771281	0	0	-1
1771282	0	0	-1
1771283	0	0	-1
1771284	0	0	-1
1771285	0	0	-1
1771286	0	0	-1
1771287	0	0	-1
1771288	0	0	-1
1771289	0	0	-1
1771290	0	0	-1
1771291	0	0	-1
1771292	0	0	-1
1771293	0	0	-1
1771294	0	0	-1
1771295	0	0	-1
1771296	0	0	-1
1771297	0	0	-1
1771298	0	0	-1
1771299	0	0	-1
1771300	0	0	-1
1771301	0	0	-1
1771302	0	0	-1
1771303	0	0	-1
1771304	0	0	-1
1771305	0	0	-1
1771306	0	0	-1
1771307	0	0	-1
1771308	0	0	-1
1771309	0	0	-1
1771310	0	0	-1
1771322	0	0	-1
1771323	0	0	-1
1771324	0	0	-1
1771325	0	0	-1
1771326	0	0	-1
1771327	0	0	-1
1771328	0	0	-1
1771329	0	0	-1
1771330	0	0	-1
1771331	0	0	-1
1771332	0	0	-1
1771333	0	0	-1
1771334	0	0	-1
1771344	0	0	-1
1771345	0	0	-1
1771346	0	0	-1
1771347	0	0	-1
1771348	0	0	-1
1771349	0	0	-1
1771350	0	0	-1
1771351	0	0	-1
1771352	0	0	-1
1771353	0	0	-1
1771370	0	0	-1
1771371	0	0	-1
1771372	0	0	-1
1771373	0	0	-1
1771374	0	0	-1
1771375	0	0	-1
1771376	0	0	-1
1771377	0	0	-1
1771378	0	0	-1
1771394	0	0	-1
1771395	0	0	-1
1771396	0	0	-1
1771397	0	0	-1
1771398	0	0	-1
1771399	0	0	-1
1771400	0	0	-1
1771401	0	0	-1
1771420	0	0	-1
1771421	0	0	-1
1771422	0	0	-1
1771423	0	0	-1
1771424	0	0	-1
1771425	0	0	-1
1771426	0	0	-1
1771446	0	0	-1
1771447	0	0	-1
1771448	0	0	-1
1771449	0	0	-1
1771450	0	0	-1
1771472	0	0	-1
1771473	0	0	-1
1771474	0	0	-1
1771475	0	0	-1
1771476	0	0	-1
1771477	0	0	-1
1771499	0	0	-1
1771500	0	0	-1
1771501	0	0	-1
1771502	0	0	-1
1771503	0	0	-1
1771527	0	0	-1
1771528	0	0	-1
1771529	0	0	-1
1771530	0	0	-1
1771531	0	0	-1
1771532	0	0	-1
1771555	0	0	-1
1771556	0	0	-1
1771557	0	0	-1
1771558	0	0	-1
1771582	0	0	-1
1771583	0	0	-1
1771584	0	0	-1
1771585	0	0	-1
1771586	0	0	-1
1771587	0	0	-1
1771588	0	0	-1
1771612	0	0	-1
1771613	0	0	-1
1771614	0	0	-1
1771638	0	0	-1
1771639	0	0	-1
1771640	0	0	-1
1771641	0	0	-1
1771642	0	0	-1
1771643	0	0	-1
1771668	0	0	-1
1771669	0	0	-1
1771670	0	0	-1
1771694	0	0	-1
1771695	0	0	-1
1771696	0	0	-1
1771697	0	0	-1
1771698	0	0	-1
1771723	0	0	-1
1771724	0	0	-1
1771725	0	0	-1
1771749	0	0	-1
1771750	0	0	-1
1771751	0	0	-1
1771752	0	0	-1
1771753	0	0	-1
1771754	0	0	-1
1771777	0	0	-1
1771778	0	0	-1
1771779	0	0	-1
1771780	0	0	-1
1771781	0	0	-1
1771803	0	0	-1
1771804	0	0	-1
1771805	0	0	-1
1771806	0	0	-1
1771807	0	0	-1
1771808	0	0	-1
1771809	0	0	-1
1771832	0	0	-1
1771833	0	0	-1
1771834	0	0	-1
1771835	0	0	-1
1771836	0	0	-1
1771857	0	0	-1
1771858	0	0	-1
1771859	0	0	-1
1771860	0	0	-1
1771861	0	0	-1
1771862	0	0	-1
1771863	0	0	-1
1771884	0	0	-1
1771885	0	0	-1
1771886	0	0	-1
1771887	0	0	-1
1771888	0	0	-1
1771889	0	0	-1
1771908	0	0	-1
1771909	0	0	-1
1771910	0	0	-1
1771911	0	0	-1
1771912	0	0	-1
1771913	0	0	-1
1771914	0	0	-1
1771932	0	0	-1
1771933	0	0	-1
1771934	0	0	-1
1771935	0	0	-1
1771936	0	0	-1
1771937	0	0	-1
1771938	0	0	-1
1771939	0	0	-1
1771953	0	0	-1
1771954	0	0	-1
1771955	0	0	-1
1771956	0	0	-1
1771957	0	0	-1
1771958	0	0	-1
1771959	0	0	-1
1771960	0	0	-1
1771961	0	0	-1
1771962	0	0	-1
1771963	0	0	-1
1771977	0	0	-1
1771978	0	0	-1
1771979	0	0	-1
1771980	0	0	-1
1771981	0	0	-1
1771982	0	0	-1
1771983	0	0	-1
1771984	0	0	-1
1771985	0	0	-1
1771986	0	0	-1
1771987	0	0	-1
1771988	0	0	-1
1771994	0	0	-1
1771995	0	0	-1
1771996	0	0	-1
1771997	0	0	-1
1771998	0	0	-1
1771999	0	0	-1
1772000	0	0	-1
1772001	0	0	-1
1772002	0	0	-1
1772003	0	0	-1
1772004	0	0	-1
1772005	0	0	-1
1772006	0	0	-1
1772007	0	0	-1
1772008	0	0	-1
1772009	0	0	-1
1772010	0	0	-1
1772015	0	0	-1
1772016	0	0	-1
1772017	0	0	-1
1772018	0	0	-1
1772019	0	0	-1
1772020	0	0	-1
1772021	0	0	-1
1772022	0	0	-1
1772023	0	0	-1
1772024	0	0	-1
1772025	0	0	-1
1772026	0	0	-1
1772027	0	0	-1
1772028	0	0	-1
1772029	0	0	-1
1772030	0	0	-1
1772031	0	0	-1
1772032	0	0	-1
1772033	0	0	-1
1772034	0	0	-1
1772035	0	0	-1
1772036	0	0	-1
1772037	0	0	-1
1772038	0	0	-1
1772039	0	0	-1
1772040	0	0	-1
1772041	0	0	-1
1772042	0	0	-1
1772043	0	0	-1
1772044	0	0	-1
1772045	0	0	-1
1772046	0	0	-1
1772047	0	0	-1
1772048	0	0	-1
1772049	0	0	-1
1772050	0	0	-1
1772051	0	0	-1
1772052	0	0	-1
1772053	0	0	-1
1772054	0	0	-1
1772055	0	0	-1
1772056	0	0	-1
1772057	0	0	-1
1772058	0	0	-1
1772059	0	0	-1
1772060	0	0	-1
1772061	0	0	-1
1772062	0	0	-1
1772063	0	0	-1
1772064	0	0	-1
1772065	0	0	-1
1772066	0	0	-1
1772067	0	0	-1
1772068	0	0	-1
1772069	0	0	-1
1772070	0	0	-1
1772071	0	0	-1
1772072	0	0	-1
1772073	0	0	-1
1772074	0	0	-1
1772075	0	0	-1
1772076	0	0	-1
1772077	0	0	-1
1772078	0	0	-1
1772079	0	0	-1
1772080	0	0	-1
1772081	0	0	-1
1772082	0	0	-1
1772083	0	0	-1
1772084	0	0	-1
1772085	0	0	-1
1772086	0	0	-1
1772087	0	0	-1
1772088	0	0	-1
1772089	0	0	-1
1772090	0	0	-1
1772091	0	0	-1
1772092	0	0	-1
1772093	0	0	-1
1772094	0	0	-1
1772095	0	0	-1
1772096	0	0	-1
1772097	0	0	-1
1772098	0	0	-1
1772099	0	0	-1
1772100	0	0	-1
1772101	0	0	-1
1772102	0	0	-1
1772103	0	0	-1
1772104	0	0	-1
1772105	0	0	-1
1772106	0	0	-1
1772107	0	0	-1
1772108	0	0	-1
1772109	0	0	-1
1772110	0	0	-1
1772111	0	0	-1
1772112	0	0	-1
1772113	0	0	-1
1772114	0	0	-1
1772115	0	0	-1
1772116	0	0	-1
1772117	0	0	-1
1772118	0	0	-1
1772125	0	0	-1
1772126	0	0	-1
1772127	0	0	-1
1772128	0	0	-1
1772129	0	0	-1
1772130	0	0	-1
1772131	0	0	-1
1772132	0	0	-1
1772140	0	0	-1
1772141	0	0	-1
1772142	0	0	-1
1772143	0	0	-1
1772144	0	0	-1
1772145	0	0	-1
1772146	0	0	-1
1772156	0	0	-1
1772157	0	0	-1
1772158	0	0	-1
1772159	0	0	-1
1772160	0	0	-1
1772161	0	0	-1
1772171	0	0	-1
1772172	0	0	-1
1772173	0	0	-1
1772174	0	0	-1
1772175	0	0	-1
1772176	0	0	-1
1772188	0	0	-1
1772189	0	0	-1
1772190	0	0	-1
1772191	0	0	-1
1772192	0	0	-1
1772193	0	0	-1
1772204	0	0	-1
1772205	0	0	-1
1772206	0	0	-1
1772207	0	0	-1
1772208	0	0	-1
1772221	0	0	-1
1772222	0	0	-1
1772223	0	0	-1
1772224	0	0	-1
1772225	0	0	-1
1772226	0	0	-1
1772239	0	0	-1
1772240	0	0	-1
1772241	0	0	-1
1772242	0	0	-1
1772243	0	0	-1
1772244	0	0	-1
1772258	0	0	-1
1772259	0	0	-1
1772260	0	0	-1
1772261	0	0	-1
1772262	0	0	-1
1772276	0	0	-1
1772277	0	0	-1
1772278	0	0	-1
1772279	0	0	-1
1772280	0	0	-1
1772281	0	0	-1
1772296	0	0	-1
1772297	0	0	-1
1772298	0	0	-1
1772299	0	0	-1
1772313	0	0	-1
1772314	0	0	-1
1772315	0	0	-1
1772316	0	0	-1
1772317	0	0	-1
1772333	0	0	-1
1772334	0	0	-1
1772335	0	0	-1
1772336	0	0	-1
1772351	0	0	-1
1772352	0	0	-1
1772353	0	0	-1
1772354	0	0	-1
1772355	0	0	-1
1772370	0	0	-1
1772371	0	0	-1
1772372	0	0	-1
1772373	0	0	-1
1772374	0	0	-1
1772390	0	0	-1
1772391	0	0	-1
1772392	0	0	-1
1772393	0	0	-1
1772409	0	0	-1
1772410	0	0	-1
1772411	0	0	-1
1772412	0	0	-1
1772428	0	0	-1
1772429	0	0	-1
1772430	0	0	-1
1772431	0	0	-1
1772447	0	0	-1
1772448	0	0	-1
1772449	0	0	-1
1772450	0	0	-1
1772451	0	0	-1
1772467	0	0	-1
1772468	0	0	-1
1772469	0	0	-1
1772470	0	0	-1
1772485	0	0	-1
1772486	0	0	-1
1772487	0	0	-1
1772488	0	0	-1
1772489	0	0	-1
1772505	0	0	-1
1772506	0	0	-1
1772507	0	0	-1
1772508	0	0	-1
1772524	0	0	-1
1772525	0	0	-1
1772526	0	0	-1
1772527	0	0	-1
1772528	0	0	-1
1772543	0	0	-1
1772544	0	0	-1
1772545	0	0	-1
1772546	0	0	-1
1772561	0	0	-1
1772562	0	0	-1
1772563	0	0	-1
1772564	0	0	-1
1772565	0	0	-1
1772581	0	0	-1
1772582	0	0	-1
1772583	0	0	-1
1772584	0	0	-1
1772599	0	0	-1
1772600	0	0	-1
1772601	0	0	-1
1772602	0	0	-1
1772603	0	0	-1
1772618	0	0	-1
1772619	0	0	-1
1772620	0	0	-1
1772621	0	0	-1
1772635	0	0	-1
1772636	0	0	-1
1772637	0	0	-1
1772638	0	0	-1
1772639	0	0	-1
1772654	0	0	-1
1772655	0	0	-1
1772656	0	0	-1
1772657	0	0	-1
1772671	0	0	-1
1772672	0	0	-1
1772673	0	0	-1
1772674	0	0	-1
1772675	0	0	-1
1772689	0	0	-1
1772690	0	0	-1
1772691	0	0	-1
1772692	0	0	-1
1772705	0	0	-1
1772706	0	0	-1
1772707	0	0	-1
1772708	0	0	-1
1772709	0	0	-1
1772722	0	0	-1
1772723	0	0	-1
1772724	0	0	-1
1772725	0	0	-1
1772737	0	0	-1
1772738	0	0	-1
1772739	0	0	-1
1772740	0	0	-1
1772741	0	0	-1
1772742	0	0	-1
1772754	0	0	-1
1772755	0	0	-1
1772756	0	0	-1
1772757	0	0	-1
1772768	0	0	-1
1772769	0	0	-1
1772770	0	0	-1
1772771	0	0	-1
1772772	0	0	-1
1772773	0	0	-1
1772783	0	0	-1
1772784	0	0	-1
1772785	0	0	-1
1772786	0	0	-1
1772787	0	0	-1
1772796	0	0	-1
1772797	0	0	-1
1772798	0	0	-1
1772799	0	0	-1
1772800	0	0	-1
1772801	0	0	-1
1772802	0	0	-1
1772810	0	0	-1
1772811	0	0	-1
1772812	0	0	-1
1772813	0	0	-1
1772814	0	0	-1
1772815	0	0	-1
1772816	0	0	-1
1772821	0	0	-1
1772822	0	0	-1
1772823	0	0	-1
1772824	0	0	-1
1772825	0	0	-1
1772826	0	0	-1
1772827	0	0	-1
1772828	0	0	-1
1772834	0	0	-1
1772835	0	0	-1
1772836	0	0	-1
1772837	0	0	-1
1772838	0	0	-1
1772839	0	0	-1
1772840	0	0	-1
1772841	0	0	-1
1772842	0	0	-1
1772843	0	0	-1
1772844	0	0	-1
1772845	0	0	-1
1772846	0	0	-1
1772847	0	0	-1
1772848	0	0	-1
1772849	0	0	-1
1772850	0	0	-1
1772851	0	0	-1
1772852	0	0	-1
1772853	0	0	-1
1772854	0	0	-1
1772855	0	0	-1
1772856	0	0	-1
1772857	0	0	-1
1772858	0	0	-1
1772859	0	0	-1
1772860	0	0	-1
1772861	0	0	-1
1772862	0	0	-1
1772863	0	0	-1
1772864	0	0	-1
1772865	0	0	-1
1772866	0	0	-1
1772867	0	0	-1
1772868	0	0	-1
1772869	0	0	-1
1772870	0	0	-1
1772871	0	0	-1
1772872	0	0	-1
1772873	0	0	-1
1772874	0	0	-1
1772875	0	0	-1
1772876	0	0	-1
1772877	0	0	-1
1772878	0	0	-1
1772879	0	0	-1
1772880	0	0	-1
1772881	0	0	-1
1772882	0	0	-1
1772883	0	0	-1
1772884	0	0	-1
1772885	0	0	-1
1772886	0	0	-1
1772887	0	0	-1
1772888	0	0	-1
1772889	0	0	-1
1772890	0	0	-1
1772891	0	0	-1
1772892	0	0	-1
1772893	0	0	-1
1772894	0	0	-1
1772895	0	0	-1
1772896	0	0	-1
1772897	0	0	-1
1772898	0	0	-1
1772899	0	0	-1
1772900	0	0	-1
1772901	0	0	-1
1772902	0	0	-1
1772903	0	0	-1
1772905	0	0	-1
1772906	0	0	-1
1772907	0	0	-1
1772908	0	0	-1
1772909	0	0	-1
1772910	0	0	-1
1772911	0	0	-1
1772912	0	0	-1
1772913	0	0	-1
1772918	0	0	-1
1772919	0	0	-1
1772920	0	0	-1
1772921	0	0	-1
1772922	0	0	-1
1772923	0	0	-1
1772924	0	0	-1
1772925	0	0	-1
1772932	0	0	-1
1772933	0	0	-1
1772934	0	0	-1
1772935	0	0	-1
1772936	0	0	-1
1772937	0	0	-1
1772944	0	0	-1
1772945	0	0	-1
1772946	0	0	-1
1772947	0	0	-1
1772948	0	0	-1
1772949	0	0	-1
1772950	0	0	-1
1772959	0	0	-1
1772960	0	0	-1
1772961	0	0	-1
1772962	0	0	-1
1772963	0	0	-1
1772973	0	0	-1
1772974	0	0	-1
1772975	0	0	-1
1772976	0	0	-1
1772977	0	0	-1
1772978	0	0	-1
1772988	0	0	-1
1772989	0	0	-1
1772990	0	0	-1
1772991	0	0	-1
1772992	0	0	-1
1772993	0	0	-1
1773004	0	0	-1
1773005	0	0	-1
1773006	0	0	-1
1773007	0	0	-1
1773008	0	0	-1
1773009	0	0	-1
1773021	0	0	-1
1773022	0	0	-1
1773023	0	0	-1
1773024	0	0	-1
1773037	0	0	-1
1773038	0	0	-1
1773039	0	0	-1
1773040	0	0	-1
1773041	0	0	-1
1773053	0	0	-1
1773054	0	0	-1
1773055	0	0	-1
1773056	0	0	-1
1773068	0	0	-1
1773069	0	0	-1
1773070	0	0	-1
1773071	0	0	-1
1773072	0	0	-1
1773073	0	0	-1
1773086	0	0	-1
1773087	0	0	-1
1773088	0	0	-1
1773089	0	0	-1
1773102	0	0	-1
1773103	0	0	-1
1773104	0	0	-1
1773105	0	0	-1
1773106	0	0	-1
1773120	0	0	-1
1773121	0	0	-1
1773122	0	0	-1
1773123	0	0	-1
1773136	0	0	-1
1773137	0	0	-1
1773138	0	0	-1
1773139	0	0	-1
1773140	0	0	-1
1773141	0	0	-1
1773154	0	0	-1
1773155	0	0	-1
1773156	0	0	-1
1773157	0	0	-1
1773158	0	0	-1
1773159	0	0	-1
1773172	0	0	-1
1773173	0	0	-1
1773174	0	0	-1
1773175	0	0	-1
1773176	0	0	-1
1773190	0	0	-1
1773191	0	0	-1
1773192	0	0	-1
1773193	0	0	-1
1773207	0	0	-1
1773208	0	0	-1
1773209	0	0	-1
1773210	0	0	-1
1773211	0	0	-1
1773225	0	0	-1
1773226	0	0	-1
1773227	0	0	-1
1773228	0	0	-1
1773242	0	0	-1
1773243	0	0	-1
1773244	0	0	-1
1773245	0	0	-1
1773246	0	0	-1
1773259	0	0	-1
1773260	0	0	-1
1773261	0	0	-1
1773262	0	0	-1
1773263	0	0	-1
1773264	0	0	-1
1773277	0	0	-1
1773278	0	0	-1
1773279	0	0	-1
1773280	0	0	-1
1773281	0	0	-1
1773294	0	0	-1
1773295	0	0	-1
1773296	0	0	-1
1773297	0	0	-1
1773298	0	0	-1
1773311	0	0	-1
1773312	0	0	-1
1773313	0	0	-1
1773314	0	0	-1
1773315	0	0	-1
1773328	0	0	-1
1773329	0	0	-1
1773330	0	0	-1
1773331	0	0	-1
1773332	0	0	-1
1773333	0	0	-1
1773345	0	0	-1
1773346	0	0	-1
1773347	0	0	-1
1773348	0	0	-1
1773349	0	0	-1
1773361	0	0	-1
1773362	0	0	-1
1773363	0	0	-1
1773364	0	0	-1
1773365	0	0	-1
1773366	0	0	-1
1773377	0	0	-1
1773378	0	0	-1
1773379	0	0	-1
1773380	0	0	-1
1773381	0	0	-1
1773393	0	0	-1
1773394	0	0	-1
1773395	0	0	-1
1773396	0	0	-1
1773397	0	0	-1
1773407	0	0	-1
1773408	0	0	-1
1773409	0	0	-1
1773410	0	0	-1
1773411	0	0	-1
1773412	0	0	-1
1773422	0	0	-1
1773423	0	0	-1
1773424	0	0	-1
1773425	0	0	-1
1773426	0	0	-1
1773427	0	0	-1
1773428	0	0	-1
1773436	0	0	-1
1773437	0	0	-1
1773438	0	0	-1
1773439	0	0	-1
1773440	0	0	-1
1773441	0	0	-1
1773442	0	0	-1
1773450	0	0	-1
1773451	0	0	-1
1773452	0	0	-1
1773453	0	0	-1
1773454	0	0	-1
1773455	0	0	-1
1773456	0	0	-1
1773461	0	0	-1
1773462	0	0	-1
1773463	0	0	-1
1773464	0	0	-1
1773465	0	0	-1
1773466	0	0	-1
1773467	0	0	-1
1773468	0	0	-1
1773469	0	0	-1
1773474	0	0	-1
1773475	0	0	-1
1773476	0	0	-1
1773477	0	0	-1
1773478	0	0	-1
1773479	0	0	-1
1773480	0	0	-1
1773481	0	0	-1
1773482	0	0	-1
1773483	0	0	-1
1773484	0	0	-1
1773485	0	0	-1
1773486	0	0	-1
1773487	0	0	-1
1773488	0	0	-1
1773489	0	0	-1
1773490	0	0	-1
1773491	0	0	-1
1773492	0	0	-1
1773493	0	0	-1
1773494	0	0	-1
1773495	0	0	-1
1773496	0	0	-1
1773497	0	0	-1
1773498	0	0	-1
1773499	0	0	-1
1773500	0	0	-1
1773501	0	0	-1
1773502	0	0	-1
1773503	0	0	-1
1773504	0	0	-1
1773505	0	0	-1
1773506	0	0	-1
1773507	0	0	-1
1773508	0	0	-1
1773509	0	0	-1
1773510	0	0	-1
1773511	0	0	-1
1773512	0	0	-1
1773513	0	0	-1
1773514	0	0	-1
1773515	0	0	-1
1773516	0	0	-1
1773517	0	0	-1
1773518	0	0	-1
1773519	0	0	-1
1773520	0	0	-1
1773521	0	0	-1
1773522	0	0	-1
1773523	0	0	-1
1773524	0	0	-1
1773525	0	0	-1
1773526	0	0	-1
1773527	0	0	-1
1773528	0	0	-1
1773529	0	0	-1
1773530	0	0	-1
1773531	0	0	-1
1773532	0	0	-1
1773533	0	0	-1
1773534	0	0	-1
1773535	0	0	-1
1773536	0	0	-1
1773537	0	0	-1
1773538	0	0	-1
1773539	0	0	-1
1773540	0	0	-1
1773541	0	0	-1
1773542	0	0	-1
1773543	0	0	-1
1773544	0	0	-1
1773545	0	0	-1
1773546	0	0	-1
1773547	0	0	-1
1773548	0	0	-1
1773549	0	0	-1
1773550	0	0	-1
1773551	0	0	-1
1773552	0	0	-1
1773553	0	0	-1
1773554	0	0	-1
1773555	0	0	-1
1773556	0	0	-1
1773557	0	0	-1
1773558	0	0	-1
1773559	0	0	-1
1773560	0	0	-1
1773561	0	0	-1
1773562	0	0	-1
1773563	0	0	-1
1773564	0	0	-1
1773565	0	0	-1
1773566	0	0	-1
1773567	0	0	-1
1773568	0	0	-1
1773569	0	0	-1
1773570	0	0	-1
1773571	0	0	-1
1773572	0	0	-1
1773573	0	0	-1
1773574	0	0	-1
1773575	0	0	-1
1773576	0	0	-1
1773577	0	0	-1
1773578	0	0	-1
1773579	0	0	-1
1773580	0	0	-1
1773581	0	0	-1
1773582	0	0	-1
1773583	0	0	-1
1773584	0	0	-1
1773585	0	0	-1
1773586	0	0	-1
1773587	0	0	-1
1773588	0	0	-1
1773589	0	0	-1
1773590	0	0	-1
1773591	0	0	-1
1773592	0	0	-1
1773593	0	0	-1
1773594	0	0	-1
1773595	0	0	-1
1773605	0	0	-1
1773606	0	0	-1
1773607	0	0	-1
1773608	0	0	-1
1773609	0	0	-1
1773610	0	0	-1
1773611	0	0	-1
1773612	0	0	-1
1773613	0	0	-1
1773614	0	0	-1
1773615	0	0	-1
1773616	0	0	-1
1773627	0	0	-1
1773628	0	0	-1
1773629	0	0	-1
1773630	0	0	-1
1773631	0	0	-1
1773632	0	0	-1
1773633	0	0	-1
1773634	0	0	-1
1773635	0	0	-1
1773650	0	0	-1
1773651	0	0	-1
1773652	0	0	-1
1773653	0	0	-1
1773654	0	0	-1
1773655	0	0	-1
1773656	0	0	-1
1773657	0	0	-1
1773658	0	0	-1
1773659	0	0	-1
1773674	0	0	-1
1773675	0	0	-1
1773676	0	0	-1
1773677	0	0	-1
1773678	0	0	-1
1773679	0	0	-1
1773680	0	0	-1
1773681	0	0	-1
1773699	0	0	-1
1773700	0	0	-1
1773701	0	0	-1
1773702	0	0	-1
1773703	0	0	-1
1773704	0	0	-1
1773705	0	0	-1
1773706	0	0	-1
1773724	0	0	-1
1773725	0	0	-1
1773726	0	0	-1
1773727	0	0	-1
1773728	0	0	-1
1773729	0	0	-1
1773749	0	0	-1
1773750	0	0	-1
1773751	0	0	-1
1773752	0	0	-1
1773753	0	0	-1
1773754	0	0	-1
1773774	0	0	-1
1773775	0	0	-1
1773776	0	0	-1
1773777	0	0	-1
1773778	0	0	-1
1773799	0	0	-1
1773800	0	0	-1
1773801	0	0	-1
1773802	0	0	-1
1773803	0	0	-1
1773804	0	0	-1
1773805	0	0	-1
1773825	0	0	-1
1773826	0	0	-1
1773827	0	0	-1
1773828	0	0	-1
1773829	0	0	-1
1773850	0	0	-1
1773851	0	0	-1
1773852	0	0	-1
1773853	0	0	-1
1773854	0	0	-1
1773855	0	0	-1
1773877	0	0	-1
1773878	0	0	-1
1773879	0	0	-1
1773880	0	0	-1
1773901	0	0	-1
1773902	0	0	-1
1773903	0	0	-1
1773904	0	0	-1
1773905	0	0	-1
1773906	0	0	-1
1773927	0	0	-1
1773928	0	0	-1
1773929	0	0	-1
1773930	0	0	-1
1773931	0	0	-1
1773932	0	0	-1
1773952	0	0	-1
1773953	0	0	-1
1773954	0	0	-1
1773955	0	0	-1
1773956	0	0	-1
1773957	0	0	-1
1773958	0	0	-1
1773978	0	0	-1
1773979	0	0	-1
1773980	0	0	-1
1773981	0	0	-1
1773982	0	0	-1
1773983	0	0	-1
1774002	0	0	-1
1774003	0	0	-1
1774004	0	0	-1
1774005	0	0	-1
1774006	0	0	-1
1774007	0	0	-1
1774008	0	0	-1
1774027	0	0	-1
1774028	0	0	-1
1774029	0	0	-1
1774030	0	0	-1
1774031	0	0	-1
1774032	0	0	-1
1774049	0	0	-1
1774050	0	0	-1
1774051	0	0	-1
1774052	0	0	-1
1774053	0	0	-1
1774054	0	0	-1
1774055	0	0	-1
1774056	0	0	-1
1774073	0	0	-1
1774074	0	0	-1
1774075	0	0	-1
1774076	0	0	-1
1774077	0	0	-1
1774078	0	0	-1
1774079	0	0	-1
1774080	0	0	-1
1774093	0	0	-1
1774094	0	0	-1
1774095	0	0	-1
1774096	0	0	-1
1774097	0	0	-1
1774098	0	0	-1
1774099	0	0	-1
1774100	0	0	-1
1774101	0	0	-1
1774102	0	0	-1
1774103	0	0	-1
1774116	0	0	-1
1774117	0	0	-1
1774118	0	0	-1
1774119	0	0	-1
1774120	0	0	-1
1774121	0	0	-1
1774122	0	0	-1
1774123	0	0	-1
1774124	0	0	-1
1774125	0	0	-1
1774126	0	0	-1
1774127	0	0	-1
1774131	0	0	-1
1774132	0	0	-1
1774133	0	0	-1
1774134	0	0	-1
1774135	0	0	-1
1774136	0	0	-1
1774137	0	0	-1
1774138	0	0	-1
1774139	0	0	-1
1774140	0	0	-1
1774141	0	0	-1
1774142	0	0	-1
1774143	0	0	-1
1774144	0	0	-1
1774145	0	0	-1
1774146	0	0	-1
1774147	0	0	-1
1774148	0	0	-1
1774153	0	0	-1
1774154	0	0	-1
1774155	0	0	-1
1774156	0	0	-1
1774157	0	0	-1
1774158	0	0	-1
1774159	0	0	-1
1774160	0	0	-1
1774161	0	0	-1
1774162	0	0	-1
1774163	0	0	-1
1774164	0	0	-1
1774165	0	0	-1
1774166	0	0	-1
1774167	0	0	-1
1774168	0	0	-1
1774169	0	0	-1
1774170	0	0	-1
1774171	0	0	-1
1774172	0	0	-1
1774173	0	0	-1
1774174	0	0	-1
1774175	0	0	-1
1774176	0	0	-1
1774177	0	0	-1
1774178	0	0	-1
1774179	0	0	-1
1774180	0	0	-1
1774181	0	0	-1
1774182	0	0	-1
1774183	0	0	-1
1774184	0	0	-1
1774185	0	0	-1
1774186	0	0	-1
1774187	0	0	-1
1774188	0	0	-1
1774189	0	0	-1
1774190	0	0	-1
1774191	0	0	-1
1774192	0	0	-1
1774193	0	0	-1
1774194	0	0	-1
1774195	0	0	-1
1774196	0	0	-1
1774197	0	0	-1
1774198	0	0	-1
1774199	0	0	-1
1774200	0	0	-1
1774201	0	0	-1
1774202	0	0	-1
1774203	0	0	-1
1774204	0	0	-1
1774205	0	0	-1
1774206	0	0	-1
1774207	0	0	-1
1774208	0	0	-1
1774209	0	0	-1
1774210	0	0	-1
1774211	0	0	-1
1774212	0	0	-1
1774213	0	0	-1
1774214	0	0	-1
1774215	0	0	-1
1774216	0	0	-1
1774217	0	0	-1
1774218	0	0	-1
1774219	0	0	-1
1774220	0	0	-1
1774221	0	0	-1
1774222	0	0	-1
1774223	0	0	-1
1774224	0	0	-1
1774225	0	0	-1
1774226	0	0	-1
1774227	0	0	-1
1774228	0	0	-1
1774229	0	0	-1
1774230	0	0	-1
1774231	0	0	-1
1774232	0	0	-1
1774233	0	0	-1
1774234	0	0	-1
1774235	0	0	-1
1774236	0	0	-1
1774237	0	0	-1
1774238	0	0	-1
1774239	0	0	-1
1774240	0	0	-1
1774241	0	0	-1
1774242	0	0	-1
1774243	0	0	-1
1774244	0	0	-1
1774245	0	0	-1
1774246	0	0	-1
1774247	0	0	-1
1774248	0	0	-1
1774249	0	0	-1
1774250	0	0	-1
1774251	0	0	-1
1774253	0	0	-1
1774254	0	0	-1
1774255	0	0	-1
1774256	0	0	-1
1774257	0	0	-1
1774258	0	0	-1
1774259	0	0	-1
1774260	0	0	-1
1774261	0	0	-1
1774262	0	0	-1
1774263	0	0	-1
1774265	0	0	-1
1774266	0	0	-1
1774267	0	0	-1
1774268	0	0	-1
1774269	0	0	-1
1774270	0	0	-1
1774271	0	0	-1
1774272	0	0	-1
1774273	0	0	-1
1774274	0	0	-1
1774281	0	0	-1
1774282	0	0	-1
1774283	0	0	-1
1774284	0	0	-1
1774285	0	0	-1
1774286	0	0	-1
1774287	0	0	-1
1774288	0	0	-1
1774295	0	0	-1
1774296	0	0	-1
1774297	0	0	-1
1774298	0	0	-1
1774299	0	0	-1
1774300	0	0	-1
1774301	0	0	-1
1774310	0	0	-1
1774311	0	0	-1
1774312	0	0	-1
1774313	0	0	-1
1774314	0	0	-1
1774315	0	0	-1
1774316	0	0	-1
1774325	0	0	-1
1774326	0	0	-1
1774327	0	0	-1
1774328	0	0	-1
1774329	0	0	-1
1774330	0	0	-1
1774331	0	0	-1
1774342	0	0	-1
1774343	0	0	-1
1774344	0	0	-1
1774345	0	0	-1
1774346	0	0	-1
1774347	0	0	-1
1774357	0	0	-1
1774358	0	0	-1
1774359	0	0	-1
1774360	0	0	-1
1774361	0	0	-1
1774362	0	0	-1
1774374	0	0	-1
1774375	0	0	-1
1774376	0	0	-1
1774377	0	0	-1
1774378	0	0	-1
1774390	0	0	-1
1774391	0	0	-1
1774392	0	0	-1
1774393	0	0	-1
1774394	0	0	-1
1774395	0	0	-1
1774407	0	0	-1
1774408	0	0	-1
1774409	0	0	-1
1774410	0	0	-1
1774411	0	0	-1
1774424	0	0	-1
1774425	0	0	-1
1774426	0	0	-1
1774427	0	0	-1
1774428	0	0	-1
1774429	0	0	-1
1774442	0	0	-1
1774443	0	0	-1
1774444	0	0	-1
1774445	0	0	-1
1774446	0	0	-1
1774447	0	0	-1
1774460	0	0	-1
1774461	0	0	-1
1774462	0	0	-1
1774463	0	0	-1
1774477	0	0	-1
1774478	0	0	-1
1774479	0	0	-1
1774480	0	0	-1
1774481	0	0	-1
1774494	0	0	-1
1774495	0	0	-1
1774496	0	0	-1
1774497	0	0	-1
1774498	0	0	-1
1774512	0	0	-1
1774513	0	0	-1
1774514	0	0	-1
1774515	0	0	-1
1774516	0	0	-1
1774529	0	0	-1
1774530	0	0	-1
1774531	0	0	-1
1774532	0	0	-1
1774533	0	0	-1
1774534	0	0	-1
1774547	0	0	-1
1774548	0	0	-1
1774549	0	0	-1
1774550	0	0	-1
1774551	0	0	-1
1774565	0	0	-1
1774566	0	0	-1
1774567	0	0	-1
1774568	0	0	-1
1774582	0	0	-1
1774583	0	0	-1
1774584	0	0	-1
1774585	0	0	-1
1774586	0	0	-1
1774599	0	0	-1
1774600	0	0	-1
1774601	0	0	-1
1774602	0	0	-1
1774603	0	0	-1
1774616	0	0	-1
1774617	0	0	-1
1774618	0	0	-1
1774619	0	0	-1
1774620	0	0	-1
1774633	0	0	-1
1774634	0	0	-1
1774635	0	0	-1
1774636	0	0	-1
1774637	0	0	-1
1774638	0	0	-1
1774651	0	0	-1
1774652	0	0	-1
1774653	0	0	-1
1774654	0	0	-1
1774655	0	0	-1
1774668	0	0	-1
1774669	0	0	-1
1774670	0	0	-1
1774671	0	0	-1
1774684	0	0	-1
1774685	0	0	-1
1774686	0	0	-1
1774687	0	0	-1
1774688	0	0	-1
1774701	0	0	-1
1774702	0	0	-1
1774703	0	0	-1
1774704	0	0	-1
1774715	0	0	-1
1774716	0	0	-1
1774717	0	0	-1
1774718	0	0	-1
1774719	0	0	-1
1774720	0	0	-1
1774732	0	0	-1
1774733	0	0	-1
1774734	0	0	-1
1774735	0	0	-1
1774745	0	0	-1
1774746	0	0	-1
1774747	0	0	-1
1774748	0	0	-1
1774749	0	0	-1
1774750	0	0	-1
1774751	0	0	-1
1774761	0	0	-1
1774762	0	0	-1
1774763	0	0	-1
1774764	0	0	-1
1774765	0	0	-1
1774774	0	0	-1
1774775	0	0	-1
1774776	0	0	-1
1774777	0	0	-1
1774778	0	0	-1
1774779	0	0	-1
1774780	0	0	-1
1774789	0	0	-1
1774790	0	0	-1
1774791	0	0	-1
1774792	0	0	-1
1774793	0	0	-1
1774794	0	0	-1
1774801	0	0	-1
1774802	0	0	-1
1774803	0	0	-1
1774804	0	0	-1
1774805	0	0	-1
1774806	0	0	-1
1774807	0	0	-1
1774814	0	0	-1
1774815	0	0	-1
1774816	0	0	-1
1774817	0	0	-1
1774818	0	0	-1
1774819	0	0	-1
1774820	0	0	-1
1774821	0	0	-1
1774826	0	0	-1
1774827	0	0	-1
1774828	0	0	-1
1774829	0	0	-1
1774830	0	0	-1
1774831	0	0	-1
1774832	0	0	-1
1774833	0	0	-1
1774837	0	0	-1
1774838	0	0	-1
1774839	0	0	-1
1774840	0	0	-1
1774841	0	0	-1
1774842	0	0	-1
1774843	0	0	-1
1774844	0	0	-1
1774845	0	0	-1
1774846	0	0	-1
1774847	0	0	-1
1774848	0	0	-1
1774849	0	0	-1
1774850	0	0	-1
1774851	0	0	-1
1774852	0	0	-1
1774853	0	0	-1
1774854	0	0	-1
1774855	0	0	-1
1774856	0	0	-1
1774857	0	0	-1
1774858	0	0	-1
1774859	0	0	-1
1774860	0	0	-1
1774861	0	0	-1
1774862	0	0	-1
1774863	0	0	-1
1774864	0	0	-1
1774865	0	0	-1
1774866	0	0	-1
1774867	0	0	-1
1774868	0	0	-1
1774869	0	0	-1
1774870	0	0	-1
1774871	0	0	-1
1774872	0	0	-1
1774873	0	0	-1
1774874	0	0	-1
1774875	0	0	-1
1774876	0	0	-1
1774877	0	0	-1
1774878	0	0	-1
1774879	0	0	-1
1774880	0	0	-1
1774881	0	0	-1
1774882	0	0	-1
1774883	0	0	-1
1774884	0	0	-1
1774885	0	0	-1
1774886	0	0	-1
1774887	0	0	-1
1774888	0	0	-1
1774889	0	0	-1
1774890	0	0	-1
1774891	0	0	-1
1774892	0	0	-1
1774893	0	0	-1
1774894	0	0	-1
1774895	0	0	-1
1774896	0	0	-1
1774897	0	0	-1
1774898	0	0	-1
1774899	0	0	-1
1774900	0	0	-1
1774901	0	0	-1
1774902	0	0	-1
1774903	0	0	-1
1774904	0	0	-1
1774905	0	0	-1
1774906	0	0	-1
1774907	0	0	-1
1774908	0	0	-1
1774909	0	0	-1
1774910	0	0	-1
1774911	0	0	-1
1774912	0	0	-1
1774913	0	0	-1
1774914	0	0	-1
1774915	0	0	-1
1774916	0	0	-1
1774917	0	0	-1
1774918	0	0	-1
1774919	0	0	-1
1774920	0	0	-1
1774921	0	0	-1
1774922	0	0	-1
1774923	0	0	-1
1774927	0	0	-1
1774928	0	0	-1
1774929	0	0	-1
1774930	0	0	-1
1774931	0	0	-1
1774932	0	0	-1
1774938	0	0	-1
1774939	0	0	-1
1774940	0	0	-1
1774941	0	0	-1
1774942	0	0	-1
1774943	0	0	-1
1774944	0	0	-1
1774945	0	0	-1
1774952	0	0	-1
1774953	0	0	-1
1774954	0	0	-1
1774955	0	0	-1
1774956	0	0	-1
1774957	0	0	-1
1774965	0	0	-1
1774966	0	0	-1
1774967	0	0	-1
1774968	0	0	-1
1774969	0	0	-1
1774970	0	0	-1
1774971	0	0	-1
1774979	0	0	-1
1774980	0	0	-1
1774981	0	0	-1
1774982	0	0	-1
1774983	0	0	-1
1774984	0	0	-1
1774994	0	0	-1
1774995	0	0	-1
1774996	0	0	-1
1774997	0	0	-1
1774998	0	0	-1
1775008	0	0	-1
1775009	0	0	-1
1775010	0	0	-1
1775011	0	0	-1
1775012	0	0	-1
1775022	0	0	-1
1775023	0	0	-1
1775024	0	0	-1
1775025	0	0	-1
1775026	0	0	-1
1775027	0	0	-1
1775038	0	0	-1
1775039	0	0	-1
1775040	0	0	-1
1775041	0	0	-1
1775042	0	0	-1
1775051	0	0	-1
1775052	0	0	-1
1775053	0	0	-1
1775054	0	0	-1
1775055	0	0	-1
1775056	0	0	-1
1775066	0	0	-1
1775067	0	0	-1
1775068	0	0	-1
1775069	0	0	-1
1775070	0	0	-1
1775071	0	0	-1
1775081	0	0	-1
1775082	0	0	-1
1775083	0	0	-1
1775084	0	0	-1
1775085	0	0	-1
1775086	0	0	-1
1775097	0	0	-1
1775098	0	0	-1
1775099	0	0	-1
1775100	0	0	-1
1775101	0	0	-1
1775102	0	0	-1
1775112	0	0	-1
1775113	0	0	-1
1775114	0	0	-1
1775115	0	0	-1
1775116	0	0	-1
1775117	0	0	-1
1775118	0	0	-1
1775129	0	0	-1
1775130	0	0	-1
1775131	0	0	-1
1775132	0	0	-1
1775143	0	0	-1
1775144	0	0	-1
1775145	0	0	-1
1775146	0	0	-1
1775147	0	0	-1
1775158	0	0	-1
1775159	0	0	-1
1775160	0	0	-1
1775161	0	0	-1
1775162	0	0	-1
1775173	0	0	-1
1775174	0	0	-1
1775175	0	0	-1
1775176	0	0	-1
1775177	0	0	-1
1775188	0	0	-1
1775189	0	0	-1
1775190	0	0	-1
1775191	0	0	-1
1775192	0	0	-1
1775193	0	0	-1
1775203	0	0	-1
1775204	0	0	-1
1775205	0	0	-1
1775206	0	0	-1
1775207	0	0	-1
1775208	0	0	-1
1775219	0	0	-1
1775220	0	0	-1
1775221	0	0	-1
1775222	0	0	-1
1775223	0	0	-1
1775232	0	0	-1
1775233	0	0	-1
1775234	0	0	-1
1775235	0	0	-1
1775236	0	0	-1
1775237	0	0	-1
1775247	0	0	-1
1775248	0	0	-1
1775249	0	0	-1
1775250	0	0	-1
1775251	0	0	-1
1775252	0	0	-1
1775253	0	0	-1
1775261	0	0	-1
1775262	0	0	-1
1775263	0	0	-1
1775264	0	0	-1
1775265	0	0	-1
1775266	0	0	-1
1775267	0	0	-1
1775274	0	0	-1
1775275	0	0	-1
1775276	0	0	-1
1775277	0	0	-1
1775278	0	0	-1
1775279	0	0	-1
1775280	0	0	-1
1775281	0	0	-1
1775288	0	0	-1
1775289	0	0	-1
1775290	0	0	-1
1775291	0	0	-1
1775292	0	0	-1
1775293	0	0	-1
1775294	0	0	-1
1775300	0	0	-1
1775301	0	0	-1
1775302	0	0	-1
1775303	0	0	-1
1775304	0	0	-1
1775305	0	0	-1
1775306	0	0	-1
1775307	0	0	-1
1775311	0	0	-1
1775312	0	0	-1
1775313	0	0	-1
1775314	0	0	-1
1775315	0	0	-1
1775316	0	0	-1
1775317	0	0	-1
1775318	0	0	-1
1775319	0	0	-1
1775320	0	0	-1
1775324	0	0	-1
1775325	0	0	-1
1775326	0	0	-1
1775327	0	0	-1
1775328	0	0	-1
1775329	0	0	-1
1775330	0	0	-1
1775331	0	0	-1
1775332	0	0	-1
1775333	0	0	-1
1775334	0	0	-1
1775335	0	0	-1
1775336	0	0	-1
1775337	0	0	-1
1775338	0	0	-1
1775339	0	0	-1
1775340	0	0	-1
1775341	0	0	-1
1775342	0	0	-1
1775343	0	0	-1
1775344	0	0	-1
1775345	0	0	-1
1775346	0	0	-1
1775347	0	0	-1
1775348	0	0	-1
1775349	0	0	-1
1775350	0	0	-1
1775351	0	0	-1
1775352	0	0	-1
1775353	0	0	-1
1775354	0	0	-1
1775355	0	0	-1
1775356	0	0	-1
1775357	0	0	-1
1775358	0	0	-1
1775359	0	0	-1
1775360	0	0	-1
1775361	0	0	-1
1775362	0	0	-1
1775363	0	0	-1
1775364	0	0	-1
1775365	0	0	-1
1775366	0	0	-1
1775367	0	0	-1
1775368	0	0	-1
1775369	0	0	-1
1775370	0	0	-1
1775371	0	0	-1
1775372	0	0	-1
1775373	0	0	-1
1775374	0	0	-1
1775375	0	0	-1
1775376	0	0	-1
1775377	0	0	-1
1775378	0	0	-1
1775379	0	0	-1
1775380	0	0	-1
1775381	0	0	-1
1775382	0	0	-1
1775383	0	0	-1
1775384	0	0	-1
1775385	0	0	-1
1775386	0	0	-1
1775387	0	0	-1
1775388	0	0	-1
1775389	0	0	-1
1775390	0	0	-1
1775391	0	0	-1
1775392	0	0	-1
1775393	0	0	-1
1775394	0	0	-1
1775395	0	0	-1
1775396	0	0	-1
1775397	0	0	-1
1775398	0	0	-1
1775399	0	0	-1
1775400	0	0	-1
1775401	0	0	-1
1775402	0	0	-1
1775403	0	0	-1
1775404	0	0	-1
1775405	0	0	-1
1775406	0	0	-1
1775407	0	0	-1
1775408	0	0	-1
1775409	0	0	-1
1775410	0	0	-1
1775411	0	0	-1
1775412	0	0	-1
1775413	0	0	-1
1775414	0	0	-1
1775415	0	0	-1
1775416	0	0	-1
1775417	0	0	-1
1775418	0	0	-1
1775419	0	0	-1
1775420	0	0	-1
1775421	0	0	-1
1775422	0	0	-1
1775423	0	0	-1
1775424	0	0	-1
1775425	0	0	-1
1775426	0	0	-1
1775427	0	0	-1
1775428	0	0	-1
1775429	0	0	-1
1775430	0	0	-1
1775431	0	0	-1
1775432	0	0	-1
1775433	0	0	-1
1775434	0	0	-1
1775435	0	0	-1
1775436	0	0	-1
1775437	0	0	-1
1775438	0	0	-1
1775439	0	0	-1
1775440	0	0	-1
1775441	0	0	-1
1775448	0	0	-1
1775449	0	0	-1
1775450	0	0	-1
1775451	0	0	-1
1775452	0	0	-1
1775453	0	0	-1
1775454	0	0	-1
1775455	0	0	-1
1775456	0	0	-1
1775457	0	0	-1
1775458	0	0	-1
1775459	0	0	-1
1775460	0	0	-1
1775468	0	0	-1
1775469	0	0	-1
1775470	0	0	-1
1775471	0	0	-1
1775472	0	0	-1
1775473	0	0	-1
1775474	0	0	-1
1775475	0	0	-1
1775476	0	0	-1
1775477	0	0	-1
1775490	0	0	-1
1775491	0	0	-1
1775492	0	0	-1
1775493	0	0	-1
1775494	0	0	-1
1775495	0	0	-1
1775496	0	0	-1
1775497	0	0	-1
1775498	0	0	-1
1775499	0	0	-1
1775512	0	0	-1
1775513	0	0	-1
1775514	0	0	-1
1775515	0	0	-1
1775516	0	0	-1
1775517	0	0	-1
1775518	0	0	-1
1775519	0	0	-1
1775534	0	0	-1
1775535	0	0	-1
1775536	0	0	-1
1775537	0	0	-1
1775538	0	0	-1
1775539	0	0	-1
1775540	0	0	-1
1775541	0	0	-1
1775556	0	0	-1
1775557	0	0	-1
1775558	0	0	-1
1775559	0	0	-1
1775560	0	0	-1
1775561	0	0	-1
1775577	0	0	-1
1775578	0	0	-1
1775579	0	0	-1
1775580	0	0	-1
1775581	0	0	-1
1775582	0	0	-1
1775583	0	0	-1
1775584	0	0	-1
1775600	0	0	-1
1775601	0	0	-1
1775602	0	0	-1
1775603	0	0	-1
1775604	0	0	-1
1775605	0	0	-1
1775606	0	0	-1
1775623	0	0	-1
1775624	0	0	-1
1775625	0	0	-1
1775626	0	0	-1
1775627	0	0	-1
1775628	0	0	-1
1775629	0	0	-1
1775646	0	0	-1
1775647	0	0	-1
1775648	0	0	-1
1775649	0	0	-1
1775650	0	0	-1
1775651	0	0	-1
1775667	0	0	-1
1775668	0	0	-1
1775669	0	0	-1
1775670	0	0	-1
1775671	0	0	-1
1775672	0	0	-1
1775673	0	0	-1
1775674	0	0	-1
1775690	0	0	-1
1775691	0	0	-1
1775692	0	0	-1
1775693	0	0	-1
1775694	0	0	-1
1775695	0	0	-1
1775696	0	0	-1
1775712	0	0	-1
1775713	0	0	-1
1775714	0	0	-1
1775715	0	0	-1
1775716	0	0	-1
1775717	0	0	-1
1775718	0	0	-1
1775719	0	0	-1
1775720	0	0	-1
1775735	0	0	-1
1775736	0	0	-1
1775737	0	0	-1
1775738	0	0	-1
1775739	0	0	-1
1775740	0	0	-1
1775754	0	0	-1
1775755	0	0	-1
1775756	0	0	-1
1775757	0	0	-1
1775758	0	0	-1
1775759	0	0	-1
1775760	0	0	-1
1775761	0	0	-1
1775762	0	0	-1
1775763	0	0	-1
1775776	0	0	-1
1775777	0	0	-1
1775778	0	0	-1
1775779	0	0	-1
1775780	0	0	-1
1775781	0	0	-1
1775782	0	0	-1
1775783	0	0	-1
1775784	0	0	-1
1775795	0	0	-1
1775796	0	0	-1
1775797	0	0	-1
1775798	0	0	-1
1775799	0	0	-1
1775800	0	0	-1
1775801	0	0	-1
1775802	0	0	-1
1775803	0	0	-1
1775804	0	0	-1
1775805	0	0	-1
1775816	0	0	-1
1775817	0	0	-1
1775818	0	0	-1
1775819	0	0	-1
1775820	0	0	-1
1775821	0	0	-1
1775822	0	0	-1
1775823	0	0	-1
1775824	0	0	-1
1775825	0	0	-1
1775826	0	0	-1
1775827	0	0	-1
1775830	0	0	-1
1775831	0	0	-1
1775832	0	0	-1
1775833	0	0	-1
1775834	0	0	-1
1775835	0	0	-1
1775836	0	0	-1
1775837	0	0	-1
1775838	0	0	-1
1775839	0	0	-1
1775840	0	0	-1
1775841	0	0	-1
1775842	0	0	-1
1775843	0	0	-1
1775844	0	0	-1
1775845	0	0	-1
1775846	0	0	-1
1775848	0	0	-1
1775849	0	0	-1
1775850	0	0	-1
1775851	0	0	-1
1775852	0	0	-1
1775853	0	0	-1
1775854	0	0	-1
1775855	0	0	-1
1775856	0	0	-1
1775857	0	0	-1
1775858	0	0	-1
1775859	0	0	-1
1775860	0	0	-1
1775861	0	0	-1
1775862	0	0	-1
1775863	0	0	-1
1775864	0	0	-1
1775865	0	0	-1
1775866	0	0	-1
1775867	0	0	-1
1775868	0	0	-1
1775869	0	0	-1
1775870	0	0	-1
1775871	0	0	-1
1775872	0	0	-1
1775873	0	0	-1
1775874	0	0	-1
1775875	0	0	-1
1775876	0	0	-1
1775877	0	0	-1
1775878	0	0	-1
1775879	0	0	-1
1775880	0	0	-1
1775881	0	0	-1
1775882	0	0	-1
1775883	0	0	-1
1775884	0	0	-1
1775885	0	0	-1
1775886	0	0	-1
1775887	0	0	-1
1775888	0	0	-1
1775889	0	0	-1
1775890	0	0	-1
1775891	0	0	-1
1775892	0	0	-1
1775893	0	0	-1
1775894	0	0	-1
1775895	0	0	-1
1775896	0	0	-1
1775897	0	0	-1
1775898	0	0	-1
1775899	0	0	-1
1775900	0	0	-1
1775901	0	0	-1
1775902	0	0	-1
1775903	0	0	-1
1775904	0	0	-1
1775905	0	0	-1
1775906	0	0	-1
1775907	0	0	-1
1775908	0	0	-1
1775909	0	0	-1
1775910	0	0	-1
1775911	0	0	-1
1775912	0	0	-1
1775913	0	0	-1
1775914	0	0	-1
1775915	0	0	-1
1775916	0	0	-1
1775917	0	0	-1
1775918	0	0	-1
1775919	0	0	-1
1775920	0	0	-1
1775921	0	0	-1
1775922	0	0	-1
1775923	0	0	-1
1775924	0	0	-1
1775925	0	0	-1
1775926	0	0	-1
1775927	0	0	-1
1775928	0	0	-1
1775929	0	0	-1
1775930	0	0	-1
1775931	0	0	-1
1775932	0	0	-1
1775933	0	0	-1
1775934	0	0	-1
1775935	0	0	-1
1775936	0	0	-1
1775937	0	0	-1
1775938	0	0	-1
1775939	0	0	-1
1775940	0	0	-1
1775941	0	0	-1
1775942	0	0	-1
1775943	0	0	-1
1775944	0	0	-1
1775945	0	0	-1
1775946	0	0	-1
1775947	0	0	-1
1775948	0	0	-1
1775949	0	0	-1
1775950	0	0	-1
1775951	0	0	-1
1775952	0	0	-1
1775953	0	0	-1
1775954	0	0	-1
1775955	0	0	-1
1775956	0	0	-1
1775957	0	0	-1
1775958	0	0	-1
1775959	0	0	-1
1775960	0	0	-1
1775961	0	0	-1
1775962	0	0	-1
1775963	0	0	-1
1775964	0	0	-1
1775969	0	0	-1
1775970	0	0	-1
1775971	0	0	-1
1775972	0	0	-1
1775973	0	0	-1
1775974	0	0	-1
1775975	0	0	-1
1775976	0	0	-1
1775982	0	0	-1
1775983	0	0	-1
1775984	0	0	-1
1775985	0	0	-1
1775986	0	0	-1
1775987	0	0	-1
1775988	0	0	-1
1775996	0	0	-1
1775997	0	0	-1
1775998	0	0	-1
1775999	0	0	-1
1776000	0	0	-1
1776001	0	0	-1
1776002	0	0	-1
1776009	0	0	-1
1776010	0	0	-1
1776011	0	0	-1
1776012	0	0	-1
1776013	0	0	-1
1776014	0	0	-1
1776015	0	0	-1
1776024	0	0	-1
1776025	0	0	-1
1776026	0	0	-1
1776027	0	0	-1
1776028	0	0	-1
1776029	0	0	-1
1776030	0	0	-1
1776038	0	0	-1
1776039	0	0	-1
1776040	0	0	-1
1776041	0	0	-1
1776042	0	0	-1
1776043	0	0	-1
1776044	0	0	-1
1776054	0	0	-1
1776055	0	0	-1
1776056	0	0	-1
1776057	0	0	-1
1776058	0	0	-1
1776059	0	0	-1
1776069	0	0	-1
1776070	0	0	-1
1776071	0	0	-1
1776072	0	0	-1
1776073	0	0	-1
1776074	0	0	-1
1776084	0	0	-1
1776085	0	0	-1
1776086	0	0	-1
1776087	0	0	-1
1776088	0	0	-1
1776099	0	0	-1
1776100	0	0	-1
1776101	0	0	-1
1776102	0	0	-1
1776113	0	0	-1
1776114	0	0	-1
1776115	0	0	-1
1776116	0	0	-1
1776117	0	0	-1
1776128	0	0	-1
1776129	0	0	-1
1776130	0	0	-1
1776131	0	0	-1
1776132	0	0	-1
1776133	0	0	-1
1776144	0	0	-1
1776145	0	0	-1
1776146	0	0	-1
1776147	0	0	-1
1776148	0	0	-1
1776149	0	0	-1
1776160	0	0	-1
1776161	0	0	-1
1776162	0	0	-1
1776163	0	0	-1
1776164	0	0	-1
1776174	0	0	-1
1776175	0	0	-1
1776176	0	0	-1
1776177	0	0	-1
1776178	0	0	-1
1776179	0	0	-1
1776190	0	0	-1
1776191	0	0	-1
1776192	0	0	-1
1776193	0	0	-1
1776204	0	0	-1
1776205	0	0	-1
1776206	0	0	-1
1776207	0	0	-1
1776208	0	0	-1
1776209	0	0	-1
1776219	0	0	-1
1776220	0	0	-1
1776221	0	0	-1
1776222	0	0	-1
1776223	0	0	-1
1776224	0	0	-1
1776234	0	0	-1
1776235	0	0	-1
1776236	0	0	-1
1776237	0	0	-1
1776238	0	0	-1
1776239	0	0	-1
1776249	0	0	-1
1776250	0	0	-1
1776251	0	0	-1
1776252	0	0	-1
1776253	0	0	-1
1776254	0	0	-1
1776264	0	0	-1
1776265	0	0	-1
1776266	0	0	-1
1776267	0	0	-1
1776268	0	0	-1
1776269	0	0	-1
1776279	0	0	-1
1776280	0	0	-1
1776281	0	0	-1
1776282	0	0	-1
1776283	0	0	-1
1776292	0	0	-1
1776293	0	0	-1
1776294	0	0	-1
1776295	0	0	-1
1776296	0	0	-1
1776297	0	0	-1
1776307	0	0	-1
1776308	0	0	-1
1776309	0	0	-1
1776310	0	0	-1
1776311	0	0	-1
1776318	0	0	-1
1776319	0	0	-1
1776320	0	0	-1
1776321	0	0	-1
1776322	0	0	-1
1776323	0	0	-1
1776324	0	0	-1
1776330	0	0	-1
1776331	0	0	-1
1776332	0	0	-1
1776333	0	0	-1
1776334	0	0	-1
1776335	0	0	-1
1776336	0	0	-1
1776337	0	0	-1
1776341	0	0	-1
1776342	0	0	-1
1776343	0	0	-1
1776344	0	0	-1
1776345	0	0	-1
1776346	0	0	-1
1776347	0	0	-1
1776348	0	0	-1
1776349	0	0	-1
1776353	0	0	-1
1776354	0	0	-1
1776355	0	0	-1
1776356	0	0	-1
1776357	0	0	-1
1776358	0	0	-1
1776359	0	0	-1
1776360	0	0	-1
1776361	0	0	-1
1776362	0	0	-1
1776363	0	0	-1
1776364	0	0	-1
1776365	0	0	-1
1776366	0	0	-1
1776367	0	0	-1
1776368	0	0	-1
1776369	0	0	-1
1776370	0	0	-1
1776371	0	0	-1
1776372	0	0	-1
1776373	0	0	-1
1776374	0	0	-1
1776375	0	0	-1
1776376	0	0	-1
1776377	0	0	-1
1776378	0	0	-1
1776379	0	0	-1
1776380	0	0	-1
1776381	0	0	-1
1776382	0	0	-1
1776383	0	0	-1
1776384	0	0	-1
1776385	0	0	-1
1776386	0	0	-1
1776387	0	0	-1
1776388	0	0	-1
1776389	0	0	-1
1776390	0	0	-1
1776391	0	0	-1
1776392	0	0	-1
1776393	0	0	-1
1776394	0	0	-1
1776395	0	0	-1
1776396	0	0	-1
1776397	0	0	-1
1776398	0	0	-1
1776399	0	0	-1
1776400	0	0	-1
1776401	0	0	-1
1776402	0	0	-1
1776403	0	0	-1
1776404	0	0	-1
1776405	0	0	-1
1776406	0	0	-1
1776407	0	0	-1
1776408	0	0	-1
1776409	0	0	-1
1776410	0	0	-1
1776411	0	0	-1
1776412	0	0	-1
1776413	0	0	-1
1776414	0	0	-1
1776415	0	0	-1
1776416	0	0	-1
1776417	0	0	-1
1776418	0	0	-1
1776419	0	0	-1
1776420	0	0	-1
1776421	0	0	-1
1776422	0	0	-1
1776423	0	0	-1
1776424	0	0	-1
1776425	0	0	-1
1776426	0	0	-1
1776427	0	0	-1
1776428	0	0	-1
1776429	0	0	-1
1776430	0	0	-1
1776431	0	0	-1
1776432	0	0	-1
1776433	0	0	-1
1776434	0	0	-1
1776435	0	0	-1
1776436	0	0	-1
1776437	0	0	-1
1776438	0	0	-1
1776439	0	0	-1
1776440	0	0	-1
1776441	0	0	-1
1776442	0	0	-1
1776443	0	0	-1
1776444	0	0	-1
1776445	0	0	-1
1776446	0	0	-1
1776447	0	0	-1
1776448	0	0	-1
1776449	0	0	-1
1776450	0	0	-1
1776451	0	0	-1
1776452	0	0	-1
1776453	0	0	-1
1776454	0	0	-1
1776455	0	0	-1
1776456	0	0	-1
1776457	0	0	-1
1776458	0	0	-1
1776459	0	0	-1
1776460	0	0	-1
1776461	0	0	-1
1776462	0	0	-1
1776463	0	0	-1
1776464	0	0	-1
1776465	0	0	-1
1776470	0	0	-1
1776471	0	0	-1
1776472	0	0	-1
1776473	0	0	-1
1776474	0	0	-1
1776475	0	0	-1
1776476	0	0	-1
1776477	0	0	-1
1776482	0	0	-1
1776483	0	0	-1
1776484	0	0	-1
1776485	0	0	-1
1776486	0	0	-1
1776487	0	0	-1
1776488	0	0	-1
1776489	0	0	-1
1776494	0	0	-1
1776495	0	0	-1
1776496	0	0	-1
1776497	0	0	-1
1776498	0	0	-1
1776499	0	0	-1
1776506	0	0	-1
1776507	0	0	-1
1776508	0	0	-1
1776509	0	0	-1
1776510	0	0	-1
1776511	0	0	-1
1776512	0	0	-1
1776517	0	0	-1
1776518	0	0	-1
1776519	0	0	-1
1776520	0	0	-1
1776521	0	0	-1
1776522	0	0	-1
1776523	0	0	-1
1776524	0	0	-1
1776531	0	0	-1
1776532	0	0	-1
1776533	0	0	-1
1776534	0	0	-1
1776535	0	0	-1
1776536	0	0	-1
1776541	0	0	-1
1776542	0	0	-1
1776543	0	0	-1
1776544	0	0	-1
1776545	0	0	-1
1776546	0	0	-1
1776547	0	0	-1
1776554	0	0	-1
1776555	0	0	-1
1776556	0	0	-1
1776557	0	0	-1
1776558	0	0	-1
1776559	0	0	-1
1776565	0	0	-1
1776566	0	0	-1
1776567	0	0	-1
1776568	0	0	-1
1776569	0	0	-1
1776570	0	0	-1
1776571	0	0	-1
1776572	0	0	-1
1776579	0	0	-1
1776580	0	0	-1
1776581	0	0	-1
1776582	0	0	-1
1776583	0	0	-1
1776584	0	0	-1
1776591	0	0	-1
1776592	0	0	-1
1776593	0	0	-1
1776594	0	0	-1
1776595	0	0	-1
1776596	0	0	-1
1776597	0	0	-1
1776603	0	0	-1
1776604	0	0	-1
1776605	0	0	-1
1776606	0	0	-1
1776607	0	0	-1
1776608	0	0	-1
1776609	0	0	-1
1776610	0	0	-1
1776615	0	0	-1
1776616	0	0	-1
1776617	0	0	-1
1776618	0	0	-1
1776619	0	0	-1
1776620	0	0	-1
1776621	0	0	-1
1776628	0	0	-1
1776629	0	0	-1
1776630	0	0	-1
1776631	0	0	-1
1776632	0	0	-1
1776633	0	0	-1
1776634	0	0	-1
1776635	0	0	-1
1776639	0	0	-1
1776640	0	0	-1
1776641	0	0	-1
1776642	0	0	-1
1776643	0	0	-1
1776644	0	0	-1
1776645	0	0	-1
1776646	0	0	-1
1776651	0	0	-1
1776652	0	0	-1
1776653	0	0	-1
1776654	0	0	-1
1776655	0	0	-1
1776656	0	0	-1
1776657	0	0	-1
1776658	0	0	-1
1776659	0	0	-1
1776660	0	0	-1
1776661	0	0	-1
1776662	0	0	-1
1776663	0	0	-1
1776664	0	0	-1
1776665	0	0	-1
1776666	0	0	-1
1776667	0	0	-1
1776668	0	0	-1
1776669	0	0	-1
1776670	0	0	-1
1776671	0	0	-1
1776672	0	0	-1
1776673	0	0	-1
1776674	0	0	-1
1776675	0	0	-1
1776676	0	0	-1
1776677	0	0	-1
1776678	0	0	-1
1776679	0	0	-1
1776680	0	0	-1
1776681	0	0	-1
1776682	0	0	-1
1776683	0	0	-1
1776684	0	0	-1
1776685	0	0	-1
1776686	0	0	-1
1776687	0	0	-1
1776688	0	0	-1
1776689	0	0	-1
1776690	0	0	-1
1776691	0	0	-1
1776692	0	0	-1
1776693	0	0	-1
1776694	0	0	-1
1776695	0	0	-1
1776696	0	0	-1
1776697	0	0	-1
1776698	0	0	-1
1776699	0	0	-1
1776700	0	0	-1
1776701	0	0	-1
1776702	0	0	-1
1776703	0	0	-1
1776704	0	0	-1
1776705	0	0	-1
1776706	0	0	-1
1776707	0	0	-1
1776708	0	0	-1
1776709	0	0	-1
1776710	0	0	-1
1776711	0	0	-1
1776712	0	0	-1
1776713	0	0	-1
1776714	0	0	-1
1776715	0	0	-1
1776716	0	0	-1
1776717	0	0	-1
1776718	0	0	-1
1776719	0	0	-1
1776720	0	0	-1
1776721	0	0	-1
1776722	0	0	-1
1776723	0	0	-1
1776724	0	0	-1
1776725	0	0	-1
1776726	0	0	-1
1776727	0	0	-1
1776728	0	0	-1
1776729	0	0	-1
1776730	0	0	-1
1776731	0	0	-1
1776732	0	0	-1
1776733	0	0	-1
1776734	0	0	-1
1776735	0	0	-1
1776736	0	0	-1
1776737	0	0	-1
1776738	0	0	-1
1776739	0	0	-1
1776740	0	0	-1
1776741	0	0	-1
1776742	0	0	-1
1776743	0	0	-1
1776744	0	0	-1
1776745	0	0	-1
1776746	0	0	-1
1776747	0	0	-1
1776748	0	0	-1
1776749	0	0	-1
1776750	0	0	-1
1776751	0	0	-1
1776752	0	0	-1
1776753	0	0	-1
1776754	0	0	-1
1776755	0	0	-1
1776756	0	0	-1
1776757	0	0	-1
1776758	0	0	-1
1776759	0	0	-1
1776760	0	0	-1
1776761	0	0	-1
1776762	0	0	-1
1776763	0	0	-1
1776764	0	0	-1
1776765	0	0	-1
1776766	0	0	-1
1776767	0	0	-1
1776768	0	0	-1
1776769	0	0	-1
1776770	0	0	-1
1776771	0	0	-1
1776772	0	0	-1
1776773	0	0	-1
1776774	0	0	-1
1776775	0	0	-1
1776776	0	0	-1
1776777	0	0	-1
1776778	0	0	-1
1776779	0	0	-1
1776780	0	0	-1
1776781	0	0	-1
1776782	0	0	-1
1776783	0	0	-1
1776784	0	0	-1
1776785	0	0	-1
1776786	0	0	-1
1776787	0	0	-1
1776788	0	0	-1
1776789	0	0	-1
1776790	0	0	-1
1776791	0	0	-1
1776792	0	0	-1
1776793	0	0	-1
1776794	0	0	-1
1776795	0	0	-1
1776796	0	0	-1
1776797	0	0	-1
1776798	0	0	-1
1776799	0	0	-1
1776800	0	0	-1
1776801	0	0	-1
1776802	0	0	-1
1776803	0	0	-1
1776804	0	0	-1
1776805	0	0	-1
1776806	0	0	-1
1776807	0	0	-1
1776808	0	0	-1
1776809	0	0	-1
1776810	0	0	-1
1776811	0	0	-1
1776812	0	0	-1
1776813	0	0	-1
1776814	0	0	-1
1776815	0	0	-1
1776816	0	0	-1
1776817	0	0	-1
1776818	0	0	-1
1776819	0	0	-1
1776820	0	0	-1
1776821	0	0	-1
1776822	0	0	-1
1776830	0	0	-1
1776831	0	0	-1
1776832	0	0	-1
1776833	0	0	-1
1776834	0	0	-1
1776835	0	0	-1
1776836	0	0	-1
1776837	0	0	-1
1776838	0	0	-1
1776839	0	0	-1
1776840	0	0	-1
1776847	0	0	-1
1776848	0	0	-1
1776849	0	0	-1
1776850	0	0	-1
1776851	0	0	-1
1776852	0	0	-1
1776853	0	0	-1
1776854	0	0	-1
1776865	0	0	-1
1776866	0	0	-1
1776867	0	0	-1
1776868	0	0	-1
1776869	0	0	-1
1776870	0	0	-1
1776871	0	0	-1
1776872	0	0	-1
1776873	0	0	-1
1776874	0	0	-1
1776884	0	0	-1
1776885	0	0	-1
1776886	0	0	-1
1776887	0	0	-1
1776888	0	0	-1
1776889	0	0	-1
1776902	0	0	-1
1776903	0	0	-1
1776904	0	0	-1
1776905	0	0	-1
1776906	0	0	-1
1776907	0	0	-1
1776908	0	0	-1
1776909	0	0	-1
1776921	0	0	-1
1776922	0	0	-1
1776923	0	0	-1
1776924	0	0	-1
1776925	0	0	-1
1776926	0	0	-1
1776937	0	0	-1
1776938	0	0	-1
1776939	0	0	-1
1776940	0	0	-1
1776941	0	0	-1
1776942	0	0	-1
1776943	0	0	-1
1776944	0	0	-1
1776945	0	0	-1
1776956	0	0	-1
1776957	0	0	-1
1776958	0	0	-1
1776959	0	0	-1
1776960	0	0	-1
1776961	0	0	-1
1776962	0	0	-1
1776963	0	0	-1
1776972	0	0	-1
1776973	0	0	-1
1776974	0	0	-1
1776975	0	0	-1
1776976	0	0	-1
1776977	0	0	-1
1776978	0	0	-1
1776979	0	0	-1
1776980	0	0	-1
1776981	0	0	-1
1776990	0	0	-1
1776991	0	0	-1
1776992	0	0	-1
1776993	0	0	-1
1776994	0	0	-1
1776995	0	0	-1
1776996	0	0	-1
1776997	0	0	-1
1776998	0	0	-1
1776999	0	0	-1
1777000	0	0	-1
1777004	0	0	-1
1777005	0	0	-1
1777006	0	0	-1
1777007	0	0	-1
1777008	0	0	-1
1777009	0	0	-1
1777010	0	0	-1
1777011	0	0	-1
1777012	0	0	-1
1777013	0	0	-1
1777014	0	0	-1
1777015	0	0	-1
1777016	0	0	-1
1777017	0	0	-1
1777020	0	0	-1
1777021	0	0	-1
1777022	0	0	-1
1777023	0	0	-1
1777024	0	0	-1
1777025	0	0	-1
1777026	0	0	-1
1777027	0	0	-1
1777028	0	0	-1
1777029	0	0	-1
1777030	0	0	-1
1777031	0	0	-1
1777032	0	0	-1
1777033	0	0	-1
1777034	0	0	-1
1777035	0	0	-1
1777036	0	0	-1
1777037	0	0	-1
1777038	0	0	-1
1777039	0	0	-1
1777040	0	0	-1
1777041	0	0	-1
1777042	0	0	-1
1777043	0	0	-1
1777044	0	0	-1
1777045	0	0	-1
1777046	0	0	-1
1777047	0	0	-1
1777048	0	0	-1
1777049	0	0	-1
1777050	0	0	-1
1777051	0	0	-1
1777052	0	0	-1
1777053	0	0	-1
1777054	0	0	-1
1777055	0	0	-1
1777056	0	0	-1
1777057	0	0	-1
1777058	0	0	-1
1777059	0	0	-1
1777060	0	0	-1
1777061	0	0	-1
1777062	0	0	-1
1777063	0	0	-1
1777064	0	0	-1
1777065	0	0	-1
1777066	0	0	-1
1777067	0	0	-1
1777068	0	0	-1
1777069	0	0	-1
1777070	0	0	-1
1777071	0	0	-1
1777072	0	0	-1
1777073	0	0	-1
1777074	0	0	-1
1777075	0	0	-1
1777076	0	0	-1
1777077	0	0	-1
1777078	0	0	-1
1777079	0	0	-1
1777080	0	0	-1
1777081	0	0	-1
1777082	0	0	-1
1777083	0	0	-1
1777084	0	0	-1
1777085	0	0	-1
1777086	0	0	-1
1777087	0	0	-1
1777088	0	0	-1
1777089	0	0	-1
1777090	0	0	-1
1777091	0	0	-1
1777092	0	0	-1
1777093	0	0	-1
1777094	0	0	-1
1777095	0	0	-1
1777096	0	0	-1
1777097	0	0	-1
1777098	0	0	-1
1777099	0	0	-1
1777100	0	0	-1
1777101	0	0	-1
1777102	0	0	-1
1777103	0	0	-1
1777104	0	0	-1
1777105	0	0	-1
1777106	0	0	-1
1777107	0	0	-1
1777108	0	0	-1
1777109	0	0	-1
1777110	0	0	-1
1777111	0	0	-1
1777112	0	0	-1
1777113	0	0	-1
1777114	0	0	-1
1777115	0	0	-1
1777116	0	0	-1
1777117	0	0	-1
1777118	0	0	-1
1777119	0	0	-1
1777120	0	0	-1
1777121	0	0	-1
1777122	0	0	-1
1777123	0	0	-1
1777124	0	0	-1
1777125	0	0	-1
1777126	0	0	-1
1777127	0	0	-1
1777128	0	0	-1
1777129	0	0	-1
1777130	0	0	-1
1777131	0	0	-1
1777132	0	0	-1
1777133	0	0	-1
1777134	0	0	-1
1777135	0	0	-1
1777136	0	0	-1
1777137	0	0	-1
1777138	0	0	-1
1777139	0	0	-1
1777140	0	0	-1
1777141	0	0	-1
1777142	0	0	-1
1777143	0	0	-1
1777144	0	0	-1
1777145	0	0	-1
1777146	0	0	-1
1777147	0	0	-1
1777148	0	0	-1
1777149	0	0	-1
1777150	0	0	-1
1777151	0	0	-1
1777152	0	0	-1
1777153	0	0	-1
1777154	0	0	-1
1777155	0	0	-1
1777156	0	0	-1
1777157	0	0	-1
1777158	0	0	-1
1777159	0	0	-1
1777160	0	0	-1
1777161	0	0	-1
1777162	0	0	-1
1777163	0	0	-1
1777167	0	0	-1
1777168	0	0	-1
1777169	0	0	-1
1777170	0	0	-1
1777171	0	0	-1
1777172	0	0	-1
1777173	0	0	-1
1777174	0	0	-1
1777175	0	0	-1
1777178	0	0	-1
1777179	0	0	-1
1777180	0	0	-1
1777181	0	0	-1
1777182	0	0	-1
1777183	0	0	-1
1777184	0	0	-1
1777185	0	0	-1
1777186	0	0	-1
1777192	0	0	-1
1777193	0	0	-1
1777194	0	0	-1
1777195	0	0	-1
1777196	0	0	-1
1777197	0	0	-1
1777198	0	0	-1
1777199	0	0	-1
1777205	0	0	-1
1777206	0	0	-1
1777207	0	0	-1
1777208	0	0	-1
1777209	0	0	-1
1777210	0	0	-1
1777217	0	0	-1
1777218	0	0	-1
1777219	0	0	-1
1777220	0	0	-1
1777221	0	0	-1
1777222	0	0	-1
1777223	0	0	-1
1777230	0	0	-1
1777231	0	0	-1
1777232	0	0	-1
1777233	0	0	-1
1777234	0	0	-1
1777235	0	0	-1
1777236	0	0	-1
1777243	0	0	-1
1777244	0	0	-1
1777245	0	0	-1
1777246	0	0	-1
1777247	0	0	-1
1777248	0	0	-1
1777249	0	0	-1
1777255	0	0	-1
1777256	0	0	-1
1777257	0	0	-1
1777258	0	0	-1
1777259	0	0	-1
1777260	0	0	-1
1777261	0	0	-1
1777268	0	0	-1
1777269	0	0	-1
1777270	0	0	-1
1777271	0	0	-1
1777272	0	0	-1
1777273	0	0	-1
1777274	0	0	-1
1777281	0	0	-1
1777282	0	0	-1
1777283	0	0	-1
1777284	0	0	-1
1777285	0	0	-1
1777286	0	0	-1
1777293	0	0	-1
1777294	0	0	-1
1777295	0	0	-1
1777296	0	0	-1
1777297	0	0	-1
1777298	0	0	-1
1777299	0	0	-1
1777305	0	0	-1
1777306	0	0	-1
1777307	0	0	-1
1777308	0	0	-1
1777309	0	0	-1
1777316	0	0	-1
1777317	0	0	-1
1777318	0	0	-1
1777319	0	0	-1
1777320	0	0	-1
1777321	0	0	-1
1777322	0	0	-1
1777323	0	0	-1
1777328	0	0	-1
1777329	0	0	-1
1777330	0	0	-1
1777331	0	0	-1
1777332	0	0	-1
1777333	0	0	-1
1777334	0	0	-1
1777340	0	0	-1
1777341	0	0	-1
1777342	0	0	-1
1777343	0	0	-1
1777344	0	0	-1
1777345	0	0	-1
1777346	0	0	-1
1777352	0	0	-1
1777353	0	0	-1
1777354	0	0	-1
1777355	0	0	-1
1777356	0	0	-1
1777357	0	0	-1
1777358	0	0	-1
1777361	0	0	-1
1777362	0	0	-1
1777363	0	0	-1
1777364	0	0	-1
1777365	0	0	-1
1777366	0	0	-1
1777367	0	0	-1
1777368	0	0	-1
1777369	0	0	-1
1777373	0	0	-1
1777374	0	0	-1
1777375	0	0	-1
1777376	0	0	-1
1777377	0	0	-1
1777378	0	0	-1
1777379	0	0	-1
1777380	0	0	-1
1777381	0	0	-1
1777382	0	0	-1
1777383	0	0	-1
1777384	0	0	-1
1777385	0	0	-1
1777386	0	0	-1
1777387	0	0	-1
1777388	0	0	-1
1777389	0	0	-1
1777390	0	0	-1
1777391	0	0	-1
1777392	0	0	-1
1777393	0	0	-1
1777394	0	0	-1
1777395	0	0	-1
1777396	0	0	-1
1777397	0	0	-1
1777398	0	0	-1
1777399	0	0	-1
1777400	0	0	-1
1777401	0	0	-1
1777402	0	0	-1
1777403	0	0	-1
1777404	0	0	-1
1777405	0	0	-1
1777406	0	0	-1
1777407	0	0	-1
1777408	0	0	-1
1777409	0	0	-1
1777410	0	0	-1
1777411	0	0	-1
1777412	0	0	-1
1777413	0	0	-1
1777414	0	0	-1
1777415	0	0	-1
1777416	0	0	-1
1777417	0	0	-1
1777418	0	0	-1
1777419	0	0	-1
1777420	0	0	-1
1777421	0	0	-1
1777422	0	0	-1
1777423	0	0	-1
1777424	0	0	-1
1777425	0	0	-1
1777426	0	0	-1
1777427	0	0	-1
1777428	0	0	-1
1777429	0	0	-1
1777430	0	0	-1
1777431	0	0	-1
1777432	0	0	-1
1777433	0	0	-1
1777434	0	0	-1
1777435	0	0	-1
1777436	0	0	-1
1777437	0	0	-1
1777438	0	0	-1
1777439	0	0	-1
1777440	0	0	-1
1777441	0	0	-1
1777442	0	0	-1
1777443	0	0	-1
1777444	0	0	-1
1777445	0	0	-1
1777446	0	0	-1
1777447	0	0	-1
1777448	0	0	-1
1777449	0	0	-1
1777450	0	0	-1
1777451	0	0	-1
1777452	0	0	-1
1777453	0	0	-1
1777454	0	0	-1
1777455	0	0	-1
1777456	0	0	-1
1777457	0	0	-1
1777458	0	0	-1
1777459	0	0	-1
1777460	0	0	-1
1777461	0	0	-1
1777462	0	0	-1
1777463	0	0	-1
1777464	0	0	-1
1777465	0	0	-1
1777466	0	0	-1
1777467	0	0	-1
1777468	0	0	-1
1777469	0	0	-1
1777470	0	0	-1
1777471	0	0	-1
1777472	0	0	-1
1777473	0	0	-1
1777474	0	0	-1
1777475	0	0	-1
1777476	0	0	-1
1777477	0	0	-1
1777478	0	0	-1
1777479	0	0	-1
1777480	0	0	-1
1777481	0	0	-1
1777482	0	0	-1
1777483	0	0	-1
1777484	0	0	-1
1777485	0	0	-1
1777486	0	0	-1
1777487	0	0	-1
1777488	0	0	-1
1777489	0	0	-1
1777490	0	0	-1
1777491	0	0	-1
1777492	0	0	-1
1777493	0	0	-1
1777494	0	0	-1
1777495	0	0	-1
1777496	0	0	-1
1777497	0	0	-1
1777498	0	0	-1
1777499	0	0	-1
1777500	0	0	-1
1777501	0	0	-1
1777502	0	0	-1
1777503	0	0	-1
1777504	0	0	-1
1777505	0	0	-1
1777506	0	0	-1
1777507	0	0	-1
1777508	0	0	-1
1777509	0	0	-1
1777510	0	0	-1
1777511	0	0	-1
1777512	0	0	-1
1777513	0	0	-1
1777514	0	0	-1
1777515	0	0	-1
1777516	0	0	-1
1777517	0	0	-1
1777518	0	0	-1
1777519	0	0	-1
1777520	0	0	-1
1777521	0	0	-1
1777522	0	0	-1
1777523	0	0	-1
1777524	0	0	-1
1777525	0	0	-1
1777526	0	0	-1
1777527	0	0	-1
1777528	0	0	-1
1777529	0	0	-1
1777530	0	0	-1
1777531	0	0	-1
1777532	0	0	-1
1777533	0	0	-1
1777534	0	0	-1
1777535	0	0	-1
1777536	0	0	-1
1777537	0	0	-1
1777538	0	0	-1
1777539	0	0	-1
1777540	0	0	-1
1777541	0	0	-1
1777542	0	0	-1
1777543	0	0	-1
1777544	0	0	-1
1777545	0	0	-1
1777546	0	0	-1
1777547	0	0	-1
1777548	0	0	-1
1777549	0	0	-1
1777550	0	0	-1
1777551	0	0	-1
1777552	0	0	-1
1777553	0	0	-1
1777554	0	0	-1
1777555	0	0	-1
1777556	0	0	-1
1777557	0	0	-1
1777558	0	0	-1
1777559	0	0	-1
1777560	0	0	-1
1777561	0	0	-1
1777562	0	0	-1
1777563	0	0	-1
1777564	0	0	-1
1777565	0	0	-1
1777566	0	0	-1
1777567	0	0	-1
1777568	0	0	-1
1777569	0	0	-1
1777570	0	0	-1
1777571	0	0	-1
1777572	0	0	-1
1777573	0	0	-1
1777574	0	0	-1
1777575	0	0	-1
1777576	0	0	-1
1777577	0	0	-1
1777578	0	0	-1
1777579	0	0	-1
1777580	0	0	-1
1777581	0	0	-1
1777582	0	0	-1
1777583	0	0	-1
1777584	0	0	-1
1777585	0	0	-1
1777586	0	0	-1
1777587	0	0	-1
1777588	0	0	-1
1777589	0	0	-1
1777590	0	0	-1
1777591	0	0	-1
1777592	0	0	-1
1777593	0	0	-1
1777594	0	0	-1
1777595	0	0	-1
1777596	0	0	-1
1777597	0	0	-1
1777598	0	0	-1
1777599	0	0	-1
1777600	0	0	-1
1777601	0	0	-1
1777602	0	0	-1
1777603	0	0	-1
1777604	0	0	-1
1777605	0	0	-1
1777606	0	0	-1
1777607	0	0	-1
1777608	0	0	-1
1777609	0	0	-1
1777610	0	0	-1
1777611	0	0	-1
1777612	0	0	-1
1777613	0	0	-1
1777614	0	0	-1
1777615	0	0	-1
1777616	0	0	-1
1777617	0	0	-1
1777618	0	0	-1
1777619	0	0	-1
1777620	0	0	-1
1777621	0	0	-1
1777622	0	0	-1
1777623	0	0	-1
1777624	0	0	-1
1777625	0	0	-1
1777626	0	0	-1
1777627	0	0	-1
1777628	0	0	-1
1777629	0	0	-1
1777630	0	0	-1
1777631	0	0	-1
1777632	0	0	-1
1777633	0	0	-1
1777634	0	0	-1
1777635	0	0	-1
1777636	0	0	-1
1777637	0	0	-1
1777638	0	0	-1
1777639	0	0	-1
1777640	0	0	-1
1777641	0	0	-1
1777642	0	0	-1
1777643	0	0	-1
1777644	0	0	-1
1777645	0	0	-1
1777646	0	0	-1
1777647	0	0	-1
1777648	0	0	-1
1777649	0	0	-1
1777650	0	0	-1
1777651	0	0	-1
1777652	0	0	-1
1777653	0	0	-1
1777654	0	0	-1
1777655	0	0	-1
1777656	0	0	-1
1777657	0	0	-1
1777658	0	0	-1
1777659	0	0	-1
1777660	0	0	-1
1777661	0	0	-1
1777662	0	0	-1
1777663	0	0	-1
1777664	0	0	-1
1777665	0	0	-1
1777666	0	0	-1
1777667	0	0	-1
1777668	0	0	-1
1777669	0	0	-1
1777670	0	0	-1
1777671	0	0	-1
1777672	0	0	-1
1777673	0	0	-1
1777674	0	0	-1
1777675	0	0	-1
1777676	0	0	-1
1777677	0	0	-1
1777678	0	0	-1
1777679	0	0	-1
1777680	0	0	-1
1777681	0	0	-1
1777682	0	0	-1
1777683	0	0	-1
1777684	0	0	-1
1777685	0	0	-1
1777686	0	0	-1
1777687	0	0	-1
1777688	0	0	-1
1777689	0	0	-1
1777690	0	0	-1
1777691	0	0	-1
1777692	0	0	-1
1777693	0	0	-1
1777694	0	0	-1
1777695	0	0	-1
1777696	0	0	-1
1777697	0	0	-1
1777698	0	0	-1
1777699	0	0	-1
1777700	0	0	-1
1777701	0	0	-1
1777702	0	0	-1
1777703	0	0	-1
1777704	0	0	-1
1777705	0	0	-1
1777706	0	0	-1
1777707	0	0	-1
1777708	0	0	-1
1777709	0	0	-1
1777710	0	0	-1
1777711	0	0	-1
1777712	0	0	-1
1777713	0	0	-1
1777714	0	0	-1
1777715	0	0	-1
1777716	0	0	-1
1777717	0	0	-1
1777718	0	0	-1
1777719	0	0	-1
1777720	0	0	-1
1777721	0	0	-1
1777722	0	0	-1
1777723	0	0	-1
1777724	0	0	-1
1777725	0	0	-1
1777726	0	0	-1
1777727	0	0	-1
1777728	0	0	-1
1777729	0	0	-1
1777730	0	0	-1
1777731	0	0	-1
1777732	0	0	-1
1777733	0	0	-1
1777734	0	0	-1
1777735	0	0	-1
1777736	0	0	-1
1777737	0	0	-1
1777738	0	0	-1
1777739	0	0	-1
1777740	0	0	-1
1777741	0	0	-1
1777742	0	0	-1
1777743	0	0	-1
1777744	0	0	-1
1777745	0	0	-1
1777746	0	0	-1
1777747	0	0	-1
1777748	0	0	-1
1777749	0	0	-1
1777750	0	0	-1
1777751	0	0	-1
1777752	0	0	-1
1777753	0	0	-1
1777754	0	0	-1
1777755	0	0	-1
1777756	0	0	-1
1777757	0	0	-1
1777758	0	0	-1
1777759	0	0	-1
1777760	0	0	-1
1777761	0	0	-1
1777762	0	0	-1
1777763	0	0	-1
1777764	0	0	-1
1777765	0	0	-1
1777766	0	0	-1
1777767	0	0	-1
1777768	0	0	-1
1777769	0	0	-1
1777770	0	0	-1
1777771	0	0	-1
1777772	0	0	-1
1777773	0	0	-1
1777774	0	0	-1
1777775	0	0	-1
1777776	0	0	-1
1777777	0	0	-1
1777778	0	0	-1
1777779	0	0	-1
1777780	0	0	-1
1777781	0	0	-1
1777782	0	0	-1
1777783	0	0	-1
1777784	0	0	-1
1777785	0	0	-1
1777786	0	0	-1
1777787	0	0	-1
1777788	0	0	-1
1777789	0	0	-1
1777790	0	0	-1
1777791	0	0	-1
1777792	0	0	-1
1777793	0	0	-1
1777794	0	0	-1
1777795	0	0	-1
1777796	0	0	-1
1777797	0	0	-1
1777798	0	0	-1
1777799	0	0	-1
1777800	0	0	-1
1777801	0	0	-1
1777802	0	0	-1
1777803	0	0	-1
1777804	0	0	-1
1777805	0	0	-1
1777806	0	0	-1
1777807	0	0	-1
1777808	0	0	-1
1777809	0	0	-1
1777810	0	0	-1
1777811	0	0	-1
1777812	0	0	-1
1777813	0	0	-1
1777814	0	0	-1
1777815	0	0	-1
1777816	0	0	-1
1777817	0	0	-1
1777818	0	0	-1
1777819	0	0	-1
1777820	0	0	-1
1777821	0	0	-1
1777822	0	0	-1
1777823	0	0	-1
1777824	0	0	-1
1777825	0	0	-1
1777826	0	0	-1
1777827	0	0	-1
1777828	0	0	-1
1777829	0	0	-1
1777830	0	0	-1
1777831	0	0	-1
1777832	0	0	-1
1777833	0	0	-1
1777834	0	0	-1
1777835	0	0	-1
1777836	0	0	-1
1777837	0	0	-1
1777838	0	0	-1
1777839	0	0	-1
1777840	0	0	-1
1777841	0	0	-1
1777842	0	0	-1
1777843	0	0	-1
1777844	0	0	-1
1777845	0	0	-1
1777846	0	0	-1
1777847	0	0	-1
1777848	0	0	-1
1777849	0	0	-1
1777850	0	0	-1
1777851	0	0	-1
1777852	0	0	-1
1777853	0	0	-1
1777854	0	0	-1
1777855	0	0	-1
1777856	0	0	-1
1777857	0	0	-1
1777858	0	0	-1
1777859	0	0	-1
1777860	0	0	-1
1777861	0	0	-1
1777862	0	0	-1
1777863	0	0	-1
1777864	0	0	-1
1777865	0	0	-1
1777866	0	0	-1
1777867	0	0	-1
1777868	0	0	-1
1777869	0	0	-1
1777870	0	0	-1
1777871	0	0	-1
1777872	0	0	-1
1777873	0	0	-1
1777874	0	0	-1
1777875	0	0	-1
1777876	0	0	-1
1777877	0	0	-1
1777878	0	0	-1
1777879	0	0	-1
1777880	0	0	-1
1777881	0	0	-1
1777882	0	0	-1
1777883	0	0	-1
1777884	0	0	-1
1777885	0	0	-1
1777886	0	0	-1
1777887	0	0	-1
1777888	0	0	-1
1777889	0	0	-1
1777890	0	0	-1
1777891	0	0	-1
1777892	0	0	-1
1777893	0	0	-1
1777894	0	0	-1
1777895	0	0	-1
1777896	0	0	-1
1777897	0	0	-1
1777898	0	0	-1
1777899	0	0	-1
1777900	0	0	-1
1777901	0	0	-1
1777902	0	0	-1
1777903	0	0	-1
1777904	0	0	-1
1777905	0	0	-1
1777906	0	0	-1
1777907	0	0	-1
1777908	0	0	-1
1777909	0	0	-1
1777910	0	0	-1
1777911	0	0	-1
1777912	0	0	-1
1777913	0	0	-1