1
2
3
4
5
6
7
8
9
10
11
12
13
14
15
16
17
18
19
20
21
22
23
24
25
26
27
28
29
30
31
32
33
34
35
36
37
38
39
40
41
42
43
44
45
46
47
48
49
50
51
52
53
54
55
56
57
58
59
60
61
62
63
64
65
66
67
68
69
70
71
72
73
74
75
76
77
78
79
80
81
82
83
84
85
86
87
88
89
90
91
92
93
94
95
96
97
98
99
100
101
102
103
104
105
106
107
108
109
110
111
112
113
114
115
116
117
118
119
120
121
122
123
124
125
126
127
128
129
130
131
132
133
134
135
136
137
138
139
140
141
142
143
144
145
146
147
148
149
150
151
152
153
154
155
156
157
158
159
160
161
162
163
164
165
166
167
168
169
170
171
172
173
176
177
178
179
180
181
182
183
188
189
190
191
192
193
194
199
200
201
202
203
204
205
206
210
211
212
213
214
215
216
217
220
221
222
223
224
225
226
227
228
229
230
231
232
233
234
235
236
237
238
239
240
241
242
243
244
245
246
247
248
249
250
251
252
253
254
255
256
257
258
259
260
261
262
263
264
265
266
267
268
269
270
271
272
273
274
275
276
277
278
279
280
281
282
283
284
285
286
287
288
289
290
291
292
293
294
295
296
297
298
299
300
301
302
303
304
305
306
307
308
309
310
311
312
313
314
315
316
317
318
319
320
321
322
323
324
325
326
327
328
329
330
331
332
333
334
335
336
337
338
339
340
341
342
343
344
345
346
347
348
349
350
351
352
353
354
355
356
357
358
359
360
361
363
364
365
366
367
368
369
370
371
372
373
374
375
376
377
378
379
380
381
382
383
384
385
386
387
388
390
391
392
393
394
395
396
397
398
399
400
401
402
403
404
405
406
407
408
409
410
411
412
413
414
415
416
419
420
421
422
423
424
425
426
427
428
429
430
431
432
433
434
435
436
437
438
439
440
441
442
443
444
445
446
447
448
449
450
451
452
453
454
455
456
457
458
459
460
461
462
463
464
465
466
467
468
469
470
471
472
473
474
475
476
477
478
479
480
481
482
483
484
485
486
487
488
489
490
491
492
493
494
495
496
497
498
499
500
501
502
503
504
505
506
507
508
509
510
511
512
513
514
515
516
517
518
519
520
521
522
523
524
525
526
527
528
529
530
531
532
533
534
535
536
537
538
539
540
541
542
543
544
545
546
547
548
549
550
551
552
553
554
555
556
557
558
559
560
561
562
563
564
565
566
567
568
569
570
571
572
573
574
575
576
577
578
579
580
581
582
583
584
585
586
587
588
589
590
591
592
593
594
595
596
597
598
599
600
601
602
603
604
605
606
607
608
609
610
611
612
613
614
615
616
617
618
619
620
621
622
623
624
625
626
627
628
629
630
631
632
633
634
635
636
637
638
639
640
641
642
643
644
645
646
647
648
649
650
651
652
653
654
655
656
657
658
659
660
661
662
663
664
665
666
667
668
669
670
671
672
673
674
675
676
677
678
679
680
681
682
683
684
685
686
687
688
689
690
691
692
693
694
695
696
697
698
699
700
701
704
705
706
707
708
709
710
711
712
713
714
715
716
717
718
719
720
721
722
723
724
725
726
727
728
729
731
732
733
734
735
736
737
738
739
740
741
742
743
744
745
746
747
748
749
750
751
752
753
754
755
756
757
759
760
761
762
763
764
765
766
767
768
769
770
771
772
773
774
775
776
777
778
779
780
781
782
783
784
785
786
787
788
789
790
791
792
793
794
795
796
797
798
799
800
801
802
803
804
805
806
807
808
809
810
811
812
813
814
815
816
817
818
819
820
821
822
823
824
825
826
827
828
829
830
831
832
833
834
835
836
837
838
839
840
841
842
843
844
845
846
847
848
849
850
851
852
853
854
855
856
857
858
859
860
861
862
863
864
865
866
867
868
869
870
871
872
873
874
875
876
877
878
879
880
881
882
883
884
885
886
887
888
889
890
891
892
893
894
895
896
897
898
899
900
901
902
903
904
905
906
909
910
911
912
913
914
915
916
917
921
922
923
924
925
926
927
928
931
932
933
934
935
936
937
938
939
940
941
942
943
944
945
946
947
948
949
950
951
952
953
954
955
956
957
958
959
960
961
962
963
964
965
966
967
968
969
970
971
972
973
974
975
976
977
978
979
980
981
982
983
984
985
986
987
988
989
990
991
992
993
994
995
996
997
998
999
1000
1001
1002
1003
1004
1005
1006
1007
1008
1009
1012
1013
1014
1015
1016
1017
1018
1019
1024
1025
1026
1027
1028
1029
1030
1037
1038
1039
1040
1041
1042
1049
1050
1051
1052
1053
1054
1062
1063
1064
1065
1066
1067
1076
1077
1078
1079
1080
1081
1091
1092
1093
1094
1095
1105
1106
1107
1108
1109
1119
1120
1121
1122
1123
1133
1134
1135
1136
1137
1146
1147
1148
1149
1150
1151
1160
1161
1162
1163
1164
1165
1174
1175
1176
1177
1178
1179
1188
1189
1190
1191
1192
1193
1194
1200
1201
1202
1203
1204
1205
1206
1207
1208
1211
1212
1213
1214
1215
1216
1217
1218
1219
1220
1221
1222
1223
1224
1225
1226
1227
1228
1229
1230
1231
1232
1233
1234
1235
1236
1237
1238
1239
1240
1241
1242
1243
1244
1245
1246
1247
1248
1249
1250
1251
1252
1253
1254
1255
1256
1257
1258
1259
1260
1261
1262
1263
1264
1265
1266
1267
1268
1269
1270
1271
1272
1273
1274
1275
1276
1277
1278
1279
1280
1281
1282
1283
1284
1285
1286
1287
1288
1289
1290
1291
1292
1293
1294
1295
1296
1297
1298
1299
1300
1301
1302
1303
1304
1305
1306
1307
1308
1309
1312
1313
1314
1315
1316
1317
1318
1319
1320
1321
1322
1323
1324
1325
1326
1327
1330
1331
1332
1333
1334
1335
1336
1337
1343
1344
1345
1346
1347
1348
1349
1350
1351
1352
1353
1354
1355
1363
1364
1365
1366
1367
1368
1369
1377
1378
1379
1380
1381
1382
1383
1384
1385
1386
1397
1398
1399
1400
1401
1402
1403
1413
1414
1415
1416
1417
1418
1419
1420
1421
1433
1434
1435
1436
1437
1438
1450
1451
1452
1453
1454
1455
1456
1457
1458
1471
1472
1473
1474
1475
1476
1477
1489
1490
1491
1492
1493
1494
1495
1496
1508
1509
1510
1511
1512
1513
1514
1515
1527
1528
1529
1530
1531
1532
1533
1534
1546
1547
1548
1549
1550
1551
1552
1564
1565
1566
1567
1568
1569
1570
1582
1583
1584
1585
1586
1587
1588
1589
1599
1600
1601
1602
1603
1604
1605
1606
1607
1617
1618
1619
1620
1621
1622
1623
1624
1625
1626
1627
1628
1633
1634
1635
1636
1637
1638
1639
1640
1641
1642
1648
1649
1650
1651
1652
1653
1654
1655
1656
1657
1658
1659
1660
1661
1662
1663
1664
1665
1666
1667
1668
1669
1670
1671
1672
1673
1674
1675
1676
1677
1678
1679
1680
1681
1682
1683
1684
1685
1686
1687
1688
1689
1690
1691
1692
1693
1694
1695
1696
1697
1698
1699
1700
1701
1702
1703
1704
1705
1706
1707
1708
1709
1710
1711
1712
1713
1714
1715
1716
1717
1718
1719
1720
1721
1722
1723
1724
1725
1726
1727
1728
1729
1730
1731
1732
1733
1734
1735
1736
1737
1738
1739
1740
1741
1742
1743
1744
1745
1746
1747
1748
1749
1750
1751
1752
1753
1754
1755
1756
1757
1758
1759
1760
1761
1762
1763
1764
1765
1766
1767
1768
1769
1770
1771
1772
1773
1774
1775
1776
1777
1778
1779
1780
1781
1782
1783
1784
1785
1786
1787
1788
1789
1790
1791
1792
1793
1794
1795
1796
1797
1798
1799
1800
1801
1802
1803
1804
1805
1806
1807
1808
1809
1810
1811
1812
1813
1814
1818
1819
1820
1821
1822
1823
1824
1825
1826
1827
1831
1832
1833
1834
1835
1836
1837
1838
1839
1840
1841
1842
1843
1852
1853
1854
1855
1856
1857
1858
1859
1860
1868
1869
1870
1871
1872
1873
1874
1875
1876
1877
1889
1890
1891
1892
1893
1894
1895
1907
1908
1909
1910
1911
1912
1925
1926
1927
1928
1929
1930
1943
1944
1945
1946
1947
1948
1949
1961
1962
1963
1964
1965
1966
1967
1968
1980
1981
1982
1983
1984
1985
1998
1999
2000
2001
2002
2003
2004
2005
2017
2018
2019
2020
2021
2022
2023
2024
2035
2036
2037
2038
2039
2040
2041
2042
2043
2056
2057
2058
2059
2060
2061
2062
2072
2073
2074
2075
2076
2077
2078
2079
2080
2081
2082
2093
2094
2095
2096
2097
2098
2099
2107
2108
2109
2110
2111
2112
2113
2114
2115
2116
2117
2118
2119
2120
2128
2129
2130
2131
2132
2133
2134
2135
2141
2142
2143
2144
2145
2146
2147
2148
2149
2150
2151
2152
2153
2154
2159
2160
2161
2162
2163
2164
2165
2166
2167
2168
2170
2171
2172
2173
2174
2175
2176
2177
2178
2179
2180
2181
2182
2183
2185
2186
2187
2188
2189
2190
2191
2192
2193
2194
2195
2196
2197
2198
2199
2200
2201
2202
2203
2204
2205
2206
2207
2208
2209
2210
2211
2212
2213
2214
2215
2216
2217
2218
2219
2220
2221
2222
2223
2224
2225
2226
2227
2228
2229
2230
2231
2232
2233
2234
2235
2236
2237
2238
2239
2240
2241
2242
2243
2244
2245
2246
2247
2248
2249
2250
2251
2252
2253
2254
2255
2256
2257
2258
2259
2260
2261
2262
2263
2264
2265
2266
2267
2268
2269
2270
2271
2276
2277
2278
2279
2280
2281
2282
2289
2290
2291
2292
2293
2294
2295
2302
2303
2304
2305
2306
2307
2308
2316
2317
2318
2319
2320
2321
2330
2331
2332
2333
2334
2335
2344
2345
2346
2347
2348
2349
2358
2359
2360
2361
2362
2363
2373
2374
2375
2376
2377
2378
2387
2388
2389
2390
2391
2392
2393
2402
2403
2404
2405
2406
2407
2415
2416
2417
2418
2419
2420
2427
2428
2429
2430
2431
2432
2433
2434
2440
2441
2442
2443
2444
2445
2446
2450
2451
2452
2453
2454
2455
2456
2457
2460
2461
2462
2463
2464
2465
2466
2467
2468
2469
2470
2471
2472
2473
2474
2475
2476
2477
2478
2479
2480
2481
2482
2483
2484
2485
2486
2487
2488
2489
2490
2491
2492
2493
2494
2495
2496
2497
2498
2499
2500
2501
2502
2503
2504
2505
2506
2507
2508
2509
2510
2511
2512
2513
2514
2515
2516
2522
2523
2524
2525
2526
2527
2528
2537
2538
2539
2540
2541
2542
2551
2552
2553
2554
2555
2566
2567
2568
2569
2570
2581
2582
2583
2584
2585
2586
2597
2598
2599
2600
2601
2602
2614
2615
2616
2617
2618
2631
2632
2633
2634
2635
2648
2649
2650
2651
2652
2665
2666
2667
2668
2669
2682
2683
2684
2685
2686
2699
2700
2701
2702
2715
2716
2717
2718
2731
2732
2733
2734
2735
2747
2748
2749
2750
2751
2762
2763
2764
2765
2766
2767
2768
2778
2779
2780
2781
2782
2783
2792
2793
2794
2795
2796
2797
2798
2805
2806
2807
2808
2809
2810
2811
2812
2817
2818
2819
2820
2821
2822
2823
2824
2825
2826
2827
2828
2829
2830
2831
2832
2833
2834
2835
2836
2837
2838
2839
2840
2841
2842
2843
2844
2845
2846
2847
2848
2849
2850
2851
2852
2853
2854
2855
2856
2857
2858
2859
2860
2861
2862
2863
2864
2865
2866
2867
2868
2869
2870
2871
2872
2873
2874
2875
2876
2877
2878
2879
2880
2881
2882
2883
2884
2885
2886
2887
2888
2889
2890
2891
2892
2893
2894
2895
2896
2897
2898
2899
2902
2903
2904
2905
2906
2907
2908
2909
2910
2911
2912
2913
2914
2915
2919
2920
2921
2922
2923
2924
2925
2926
2927
2928
2936
2937
2938
2939
2940
2941
2942
2943
2944
2945
2946
2947
2955
2956
2957
2958
2959
2960
2961
2962
2963
2964
2975
2976
2977
2978
2979
2980
2981
2982
2983
2984
2996
2997
2998
2999
3000
3001
3002
3003
3016
3017
3018
3019
3020
3021
3022
3023
3024
3038
3039
3040
3041
3042
3043
3044
3045
3060
3061
3062
3063
3064
3065
3066
3067
3082
3083
3084
3085
3086
3087
3088
3089
3105
3106
3107
3108
3109
3110
3111
3112
3128
3129
3130
3131
3132
3133
3134
3135
3152
3153
3154
3155
3156
3157
3158
3159
3176
3177
3178
3179
3180
3181
3182
3199
3200
3201
3202
3203
3204
3205
3222
3223
3224
3225
3226
3227
3228
3245
3246
3247
3248
3249
3250
3251
3268
3269
3270
3271
3272
3273
3274
3290
3291
3292
3293
3294
3295
3312
3313
3314
3315
3316
3317
3318
3319
3334
3335
3336
3337
3338
3339
3340
3356
3357
3358
3359
3360
3361
3362
3363
3377
3378
3379
3380
3381
3382
3383
3398
3399
3400
3401
3402
3403
3404
3405
3417
3418
3419
3420
3421
3422
3423
3424
3437
3438
3439
3440
3441
3442
3443
3444
3445
3446
3454
3455
3456
3457
3458
3459
3460
3461
3462
3463
3472
3473
3474
3475
3476
3477
3478
3479
3480
3481
3482
3483
3484
3485
3488
3489
3490
3491
3492
3493
3494
3495
3496
3497
3498
3499
3500
3504
3505
3506
3507
3508
3509
3510
3511
3512
3513
3514
3515
3516
3517
3518
3519
3520
3521
3522
3523
3524
3525
3526
3527
3528
3529
3530
3531
3532
3533
3534
3535
3536
3537
3538
3539
3540
3541
3542
3543
3544
3545
3546
3547
3548
3549
3550
3551
3552
3553
3554
3555
3556
3557
3558
3559
3560
3561
3562
3563
3564
3565
3566
3567
3568
3569
3570
3571
3572
3573
3574
3575
3576
3577
3578
3579
3580
3581
3582
3583
3584
3585
3586
3587
3588
3589
3590
3591
3592
3593
3594
3595
3596
3597
3598
3599
3600
3601
3602
3603
3604
3605
3606
3607
3608
3609
3610
3611
3612
3613
3614
3615
3616
3617
3618
3619
3620
3621
3622
3623
3624
3625
3626
3627
3628
3629
3630
3631
3632
3633
3634
3635
3636
3643
3644
3645
3646
3647
3648
3649
3650
3651
3652
3653
3659
3660
3661
3662
3663
3664
3665
3666
3667
3668
3669
3680
3681
3682
3683
3684
3685
3686
3687
3688
3698
3699
3700
3701
3702
3703
3704
3705
3706
3720
3721
3722
3723
3724
3725
3726
3727
3740
3741
3742
3743
3744
3745
3746
3747
3762
3763
3764
3765
3766
3767
3768
3769
3784
3785
3786
3787
3788
3789
3790
3806
3807
3808
3809
3810
3811
3812
3813
3829
3830
3831
3832
3833
3834
3851
3852
3853
3854
3855
3856
3857
3873
3874
3875
3876
3877
3878
3879
3880
3897
3898
3899
3900
3901
3902
3903
3920
3921
3922
3923
3924
3925
3926
3943
3944
3945
3946
3947
3948
3949
3966
3967
3968
3969
3970
3971
3972
3973
3990
3991
3992
3993
3994
3995
3996
4013
4014
4015
4016
4017
4018
4035
4036
4037
4038
4039
4040
4041
4057
4058
4059
4060
4061
4062
4077
4078
4079
4080
4081
4082
4083
4084
4099
4100
4101
4102
4103
4104
4105
4106
4118
4119
4120
4121
4122
4123
4124
4125
4126
4127
4128
4140
4141
4142
4143
4144
4145
4146
4147
4148
4158
4159
4160
4161
4162
4163
4164
4165
4166
4167
4168
4169
4170
4179
4180
4181
4182
4183
4184
4185
4186
4187
4188
4189
4195
4196
4197
4198
4199
4200
4201
4202
4203
4204
4205
4206
4207
4212
4213
4214
4215
4216
4217
4218
4219
4220
4221
4222
4223
4224
4225
4226
4227
4228
4229
4230
4231
4232
4233
4234
4235
4236
4237
4239
4240
4241
4242
4243
4244
4245
4246
4247
4248
4249
4250
4251
4252
4253
4254
4255
4256
4257
4258
4259
4260
4261
4262
4263
4264
4265
4266
4267
4268
4269
4270
4271
4272
4273
4274
4275
4276
4277
4278
4279
4280
4281
4282
4283
4284
4285
4286
4287
4288
4289
4290
4291
4292
4293
4294
4295
4296
4297
4298
4299
4300
4301
4302
4303
4304
4305
4306
4307
4308
4309
4310
4311
4312
4313
4314
4315
4316
4317
4318
4323
4324
4325
4326
4327
4328
4329
4330
4331
4339
4340
4341
4342
4343
4344
4354
4355
4356
4357
4358
4369
4370
4371
4372
4373
4374
4385
4386
4387
4388
4389
4390
4402
4403
4404
4405
4406
4418
4419
4420
4421
4422
4434
4435
4436
4437
4450
4451
4452
4453
4454
4467
4468
4469
4470
4471
4484
4485
4486
4487
4488
4501
4502
4503
4504
4505
4506
4518
4519
4520
4521
4522
4534
4535
4536
4537
4548
4549
4550
4551
4552
4553
4563
4564
4565
4566
4567
4576
4577
4578
4579
4580
4589
4590
4591
4592
4593
4594
4601
4602
4603
4604
4605
4606
4607
4608
4609
4613
4614
4615
4616
4617
4618
4619
4620
4621
4622
4623
4624
4625
4626
4627
4628
4629
4630
4631
4632
4633
4634
4635
4636
4637
4638
4639
4640
4641
4642
4643
4644
4645
4646
4647
4648
4649
4650
4651
4652
4653
4654
4655
4656
4657
4662
4663
4664
4665
4666
4667
4668
4676
4677
4678
4679
4680
4681
4691
4692
4693
4694
4695
4696
4708
4709
4710
4711
4724
4725
4726
4727
4740
4741
4742
4743
4744
4758
4759
4760
4761
4762
4776
4777
4778
4779
4794
4795
4796
4797
4813
4814
4815
4831
4832
4833
4849
4850
4851
4852
4867
4868
4869
4870
4871
4886
4887
4888
4889
4890
4905
4906
4907
4908
4909
4924
4925
4926
4927
4928
4943
4944
4945
4946
4947
4962
4963
4964
4965
4966
4979
4980
4981
4982
4983
4996
4997
4998
4999
5000
5001
5013
5014
5015
5016
5017
5028
5029
5030
5031
5032
5033
5042
5043
5044
5045
5046
5047
5048
5049
5056
5057
5058
5059
5060
5061
5062
5063
5064
5067
5068
5069
5070
5071
5072
5073
5074
5075
5076
5077
5078
5079
5080
5081
5082
5083
5084
5085
5086
5087
5088
5089
5090
5091
5092
5093
5094
5095
5096
5097
5098
5099
5100
5101
5102
5103
5104
5105
5106
5107
5108
5109
5110
5111
5112
5113
5114
5115
5116
5117
5118
5119
5120
5121
5122
5123
5124
5125
5126
5127
5128
5129
5130
5131
5132
5133
5134
5135
5136
5137
5138
5139
5140
5141
5142
5143
5144
5145
5146
5147
5148
5149
5150
5151
5152
5153
5154
5155
5156
5161
5162
5163
5164
5165
5166
5167
5168
5169
5170
5171
5172
5173
5179
5180
5181
5182
5183
5184
5185
5186
5187
5188
5199
5200
5201
5202
5203
5204
5205
5206
5207
5208
5209
5210
5221
5222
5223
5224
5225
5226
5227
5241
5242
5243
5244
5245
5246
5247
5248
5249
5250
5265
5266
5267
5268
5269
5270
5271
5288
5289
5290
5291
5292
5293
5294
5295
5312
5313
5314
5315
5316
5336
5337
5338
5339
5340
5341
5342
5343
5361
5362
5363
5364
5365
5385
5386
5387
5388
5389
5390
5391
5392
5393
5413
5414
5415
5416
5437
5438
5439
5440
5441
5442
5443
5444
5464
5465
5466
5467
5468
5469
5490
5491
5492
5493
5494
5495
5496
5517
5518
5519
5520
5521
5542
5543
5544
5545
5546
5547
5568
5569
5570
5571
5572
5573
5594
5595
5596
5597
5598
5599
5621
5622
5623
5624
5625
5626
5627
5647
5648
5649
5650
5651
5652
5653
5674
5675
5676
5677
5678
5679
5680
5699
5700
5701
5702
5703
5704
5705
5725
5726
5727
5728
5729
5730
5731
5749
5750
5751
5752
5753
5754
5755
5774
5775
5776
5777
5778
5779
5780
5797
5798
5799
5800
5801
5802
5803
5821
5822
5823
5824
5825
5826
5827
5842
5843
5844
5845
5846
5847
5848
5849
5864
5865
5866
5867
5868
5869
5870
5871
5884
5885
5886
5887
5888
5889
5890
5891
5892
5905
5906
5907
5908
5909
5910
5911
5912
5913
5914
5915
5924
5925
5926
5927
5928
5929
5930
5931
5932
5942
5943
5944
5945
5946
5947
5948
5949
5950
5951
5952
5953
5954
5955
5958
5959
5960
5961
5962
5963
5964
5965
5966
5967
5968
5969
5970
5971
5972
5973
5974
5975
5976
5977
5978
5979
5980
5981
5982
5983
5984
5985
5986
5987
5988
5989
5990
5991
5992
5993
5994
5995
5996
5997
5998
5999
6000
6001
6002
6003
6004
6005
6006
6007
6008
6009
6010
6011
6012
6013
6014
6015
6016
6017
6018
6019
6020
6021
6022
6023
6024
6025
6026
6027
6028
6029
6030
6031
6032
6033
6034
6035
6036
6037
6038
6039
6040
6041
6042
6043
6044
6045
6046
6047
6048
6049
6050
6051
6052
6053
6054
6055
6056
6057
6058
6059
6060
6061
6062
6063
6064
6065
6066
6067
6068
6069
6070
6071
6072
6073
6074
6075
6076
6077
6078
6079
6080
6081
6082
6083
6084
6085
6086
6087
6088
6089
6095
6096
6097
6098
6099
6100
6101
6102
6103
6104
6105
6106
6113
6114
6115
6116
6117
6118
6119
6120
6121
6122
6123
6133
6134
6135
6136
6137
6138
6139
6140
6141
6142
6143
6154
6155
6156
6157
6158
6159
6160
6161
6162
6176
6177
6178
6179
6180
6181
6182
6183
6184
6198
6199
6200
6201
6202
6203
6204
6205
6206
6222
6223
6224
6225
6226
6227
6228
6245
6246
6247
6248
6249
6250
6251
6252
6269
6270
6271
6272
6273
6274
6275
6293
6294
6295
6296
6297
6298
6299
6319
6320
6321
6322
6323
6324
6343
6344
6345
6346
6347
6348
6349
6369
6370
6371
6372
6373
6374
6375
6395
6396
6397
6398
6399
6400
6401
6422
6423
6424
6425
6426
6427
6448
6449
6450
6451
6452
6453
6474
6475
6476
6477
6478
6479
6480
6501
6502
6503
6504
6505
6506
6527
6528
6529
6530
6531
6532
6533
6554
6555
6556
6557
6558
6579
6580
6581
6582
6583
6584
6585
6586
6607
6608
6609
6610
6611
6631
6632
6633
6634
6635
6636
6637
6638
6658
6659
6660
6661
6662
6682
6683
6684
6685
6686
6687
6688
6707
6708
6709
6710
6711
6730
6731
6732
6733
6734
6735
6736
6754
6755
6756
6757
6758
6774
6775
6776
6777
6778
6779
6780
6781
6782
6783
6798
6799
6800
6801
6802
6803
6804
6817
6818
6819
6820
6821
6822
6823
6824
6825
6826
6827
6840
6841
6842
6843
6844
6845
6846
6856
6857
6858
6859
6860
6861
6862
6863
6864
6865
6866
6867
6868
6876
6877
6878
6879
6880
6881
6882
6883
6884
6885
6886
6887
6891
6892
6893
6894
6895
6896
6897
6898
6899
6900
6901
6902
6903
6905
6906
6907
6908
6909
6910
6911
6912
6913
6914
6915
6916
6917
6918
6919
6920
6921
6922
6923
6924
6925
6926
6927
6928
6929
6930
6931
6932
6933
6934
6935
6936
6937
6938
6939
6940
6941
6942
6943
6944
6945
6946
6947
6948
6949
6950
6951
6952
6953
6954
6955
6956
6957
6958
6959
6960
6961
6962
6963
6964
6965
6966
6967
6968
6969
6970
6971
6972
6973
6974
6975
6976
6977
6983
6984
6985
6986
6987
6988
6989
6990
6991
6999
7000
7001
7002
7003
7004
7005
7006
7016
7017
7018
7019
7020
7021
7032
7033
7034
7035
7036
7037
7050
7051
7052
7053
7054
7055
7068
7069
7070
7071
7072
7073
7087
7088
7089
7090
7091
7105
7106
7107
7108
7123
7124
7125
7126
7141
7142
7143
7144
7159
7160
7161
7162
7177
7178
7179
7180
7181
7197
7198
7199
7200
7216
7217
7218
7219
7234
7235
7236
7237
7238
7253
7254
7255
7256
7257
7271
7272
7273
7274
7287
7288
7289
7290
7291
7304
7305
7306
7307
7308
7309
7321
7322
7323
7324
7325
7337
7338
7339
7340
7351
7352
7353
7354
7355
7356
7365
7366
7367
7368
7369
7370
7371
7377
7378
7379
7380
7381
7382
7383
7384
7385
7386
7387
7388
7389
7390
7391
7392
7393
7394
7395
7396
7397
7398
7399
7400
7401
7402
7403
7404
7405
7406
7407
7408
7409
7410
7411
7412
7413
7414
7415
7416
7417
7418
7419
7420
7421
7422
7423
7424
7431
7432
7433
7434
7435
7436
7437
7446
7447
7448
7449
7450
7451
7462
7463
7464
7465
7466
7467
7479
7480
7481
7482
7483
7484
7498
7499
7500
7501
7516
7517
7518
7519
7534
7535
7536
7537
7553
7554
7555
7556
7572
7573
7574
7575
7592
7593
7594
7595
7612
7613
7614
7615
7632
7633
7634
7635
7652
7653
7654
7655
7673
7674
7675
7693
7694
7695
7713
7714
7715
7733
7734
7735
7752
7753
7754
7755
7772
7773
7774
7775
7776
7792
7793
7794
7795
7796
7811
7812
7813
7814
7815
7830
7831
7832
7833
7834
7835
7849
7850
7851
7852
7853
7866
7867
7868
7869
7870
7871
7883
7884
7885
7886
7887
7888
7889
7899
7900
7901
7902
7903
7904
7905
7913
7914
7915
7916
7917
7918
7919
7920
7921
7922
7926
7927
7928
7929
7930
7931
7932
7933
7934
7935
7936
7937
7938
7939
7940
7941
7942
7943
7944
7945
7946
7947
7948
7949
7950
7951
7952
7953
7954
7955
7956
7957
7958
7959
7960
7961
7962
7963
7964
7965
7966
7967
7968
7969
7970
7971
7972
7973
7974
7975
7976
7977
7978
7979
7980
7981
7982
7983
7984
7985
7986
7987
7988
7989
7990
7991
7992
7993
7994
7995
7996
7997
7998
7999
8000
8001
8002
8003
8004
8005
8006
8007
8008
8009
8010
8011
8020
8021
8022
8023
8024
8025
8026
8027
8028
8029
8030
8038
8039
8040
8041
8042
8043
8044
8058
8059
8060
8061
8062
8063
8064
8065
8066
8067
8068
8081
8082
8083
8084
8085
8086
8087
8103
8104
8105
8106
8107
8108
8109
8110
8111
8128
8129
8130
8131
8150
8151
8152
8153
8154
8155
8156
8157
8176
8177
8178
8179
8200
8201
8202
8203
8204
8205
8206
8207
8228
8229
8230
8231
8253
8254
8255
8256
8257
8258
8259
8260
8282
8283
8284
8285
8308
8309
8310
8311
8312
8313
8314
8338
8339
8340
8341
8365
8366
8367
8368
8369
8370
8394
8395
8396
8397
8398
8422
8423
8424
8425
8426
8427
8451
8452
8453
8454
8478
8479
8480
8481
8482
8483
8484
8509
8510
8511
8512
8537
8538
8539
8540
8541
8542
8566
8567
8568
8569
8593
8594
8595
8596
8597
8598
8622
8623
8624
8625
8626
8627
8651
8652
8653
8654
8655
8656
8679
8680
8681
8682
8683
8684
8707
8708
8709
8710
8711
8712
8734
8735
8736
8737
8738
8739
8740
8741
8762
8763
8764
8765
8766
8767
8788
8789
8790
8791
8792
8793
8794
8795
8815
8816
8817
8818
8819
8820
8840
8841
8842
8843
8844
8845
8846
8847
8865
8866
8867
8868
8869
8870
8871
8889
8890
8891
8892
8893
8894
8910
8911
8912
8913
8914
8915
8916
8932
8933
8934
8935
8936
8937
8938
8939
8940
8952
8953
8954
8955
8956
8957
8958
8959
8960
8972
8973
8974
8975
8976
8977
8978
8979
8980
8981
8982
8989
8990
8991
8992
8993
8994
8995
8996
8997
8998
8999
9007
9008
9009
9010
9011
9012
9013
9014
9015
9016
9017
9018
9019
9020
9021
9022
9023
9024
9025
9026
9027
9028
9029
9030
9031
9032
9033
9034
9035
9036
9037
9038
9039
9040
9041
9042
9043
9044
9045
9046
9047
9048
9049
9050
9051
9052
9053
9054
9055
9056
9057
9058
9059
9060
9061
9062
9063
9064
9065
9066
9067
9068
9069
9070
9071
9072
9073
9074
9075
9076
9077
9078
9079
9080
9081
9082
9083
9084
9085
9086
9087
9088
9089
9090
9091
9092
9093
9094
9095
9096
9097
9098
9099
9100
9101
9102
9103
9104
9105
9106
9107
9108
9109
9110
9111
9112
9113
9114
9115
9116
9117
9118
9119
9120
9121
9122
9123
9127
9128
9129
9130
9131
9132
9133
9134
9135
9136
9137
9138
9139
9140
9141
9142
9143
9144
9145
9146
9147
9148
9149
9150
9151
9152
9153
9154
9155
9165
9166
9167
9168
9169
9170
9171
9172
9173
9174
9184
9185
9186
9187
9188
9189
9190
9191
9192
9193
9207
9208
9209
9210
9211
9212
9213
9214
9227
9228
9229
9230
9231
9232
9233
9234
9235
9236
9253
9254
9255
9256
9257
9258
9259
9275
9276
9277
9278
9279
9280
9281
9282
9302
9303
9304
9305
9306
9325
9326
9327
9328
9329
9330
9331
9332
9353
9354
9355
9356
9357
9358
9379
9380
9381
9382
9383
9384
9385
9407
9408
9409
9410
9411
9412
9434
9435
9436
9437
9438
9439
9440
9463
9464
9465
9466
9467
9468
9491
9492
9493
9494
9495
9496
9519
9520
9521
9522
9523
9524
9525
9549
9550
9551
9552
9553
9554
9578
9579
9580
9581
9582
9583
9608
9609
9610
9611
9636
9637
9638
9639
9640
9641
9665
9666
9667
9668
9669
9670
9694
9695
9696
9697
9698
9699
9724
9725
9726
9727
9751
9752
9753
9754
9755
9756
9757
9781
9782
9783
9784
9807
9808
9809
9810
9811
9812
9813
9814
9838
9839
9840
9862
9863
9864
9865
9866
9867
9868
9869
9892
9893
9894
9895
9916
9917
9918
9919
9920
9921
9922
9944
9945
9946
9947
9967
9968
9969
9970
9971
9972
9973
9974
9994
9995
9996
9997
9998
10015
10016
10017
10018
10019
10020
10021
10022
10040
10041
10042
10043
10044
10059
10060
10061
10062
10063
10064
10065
10066
10067
10068
10082
10083
10084
10085
10086
10087
10099
10100
10101
10102
10103
10104
10105
10106
10107
10108
10109
10110
10118
10119
10120
10121
10122
10123
10124
10125
10126
10127
10128
10129
10130
10133
10134
10135
10136
10137
10138
10139
10140
10141
10142
10143
10144
10148
10149
10150
10151
10152
10153
10154
10155
10156
10157
10158
10159
10160
10161
10162
10163
10164
10165
10166
10167
10168
10169
10170
10171
10172
10173
10174
10175
10176
10177
10178
10179
10180
10181
10182
10183
10184
10185
10186
10187
10188
10189
10190
10191
10192
10193
10194
10195
10196
10197
10198
10199
10200
10201
10202
10203
10204
10205
10206
10207
10208
10209
10210
10211
10212
10213
10214
10215
10216
10217
10218
10219
10226
10227
10228
10229
10230
10231
10232
10233
10234
10244
10245
10246
10247
10248
10249
10260
10261
10262
10263
10264
10265
10266
10279
10280
10281
10282
10283
10284
10298
10299
10300
10301
10316
10317
10318
10319
10320
10321
10337
10338
10339
10340
10341
10357
10358
10359
10360
10377
10378
10379
10380
10397
10398
10399
10400
10417
10418
10419
10420
10437
10438
10439
10440
10457
10458
10459
10460
10477
10478
10479
10480
10498
10499
10500
10501
10519
10520
10521
10522
10539
10540
10541
10542
10559
10560
10561
10562
10578
10579
10580
10581
10597
10598
10599
10600
10615
10616
10617
10618
10619
10634
10635
10636
10637
10651
10652
10653
10654
10667
10668
10669
10670
10671
10672
10683
10684
10685
10686
10687
10688
10697
10698
10699
10700
10701
10702
10709
10710
10711
10712
10713
10714
10715
10716
10719
10720
10721
10722
10723
10724
10725
10726
10727
10728
10729
10730
10731
10732
10733
10734
10735
10736
10737
10738
10739
10740
10741
10742
10743
10744
10745
10746
10747
10748
10749
10750
10751
10752
10753
10754
10755
10756
10757
10758
10759
10760
10768
10769
10770
10771
10772
10773
10783
10784
10785
10786
10787
10799
10800
10801
10802
10815
10816
10817
10818
10819
10834
10835
10836
10837
10853
10854
10855
10872
10873
10874
10875
10892
10893
10894
10895
10912
10913
10914
10915
10933
10934
10935
10936
10954
10955
10956
10957
10976
10977
10978
10979
10998
10999
11000
11001
11020
11021
11022
11023
11042
11043
11044
11045
11064
11065
11066
11067
11086
11087
11088
11089
11108
11109
11110
11111
11130
11131
11132
11133
11152
11153
11154
11155
11174
11175
11176
11177
11178
11196
11197
11198
11199
11216
11217
11218
11219
11220
11237
11238
11239
11240
11241
11242
11258
11259
11260
11261
11262
11277
11278
11279
11280
11281
11282
11296
11297
11298
11299
11300
11301
11314
11315
11316
11317
11318
11319
11330
11331
11332
11333
11334
11335
11336
11337
11346
11347
11348
11349
11350
11351
11352
11353
11354
11360
11361
11362
11363
11364
11365
11366
11367
11368
11369
11370
11371
11372
11373
11374
11375
11376
11377
11378
11379
11380
11381
11382
11383
11384
11385
11386
11387
11388
11389
11390
11391
11392
11393
11394
11395
11396
11397
11398
11399
11400
11401
11402
11403
11404
11405
11406
11407
11408
11409
11410
11411
11412
11413
11414
11415
11416
11417
11418
11419
11420
11421
11422
11423
11424
11425
11426
11427
11428
11429
11430
11431
11432
11440
11441
11442
11443
11444
11445
11446
11447
11448
11449
11450
11451
11452
11459
11460
11461
11462
11463
11464
11465
11466
11480
11481
11482
11483
11484
11485
11486
11487
11488
11489
11503
11504
11505
11506
11507
11524
11525
11526
11527
11528
11529
11530
11531
11532
11533
11550
11551
11552
11553
11554
11574
11575
11576
11577
11578
11579
11580
11581
11601
11602
11603
11604
11626
11627
11628
11629
11630
11631
11632
11633
11654
11655
11656
11657
11680
11681
11682
11683
11684
11685
11686
11687
11710
11711
11712
11713
11738
11739
11740
11741
11742
11743
11744
11769
11770
11771
11797
11798
11799
11800
11801
11802
11803
11828
11829
11830
11831
11858
11859
11860
11861
11862
11863
11864
11890
11891
11892
11893
11894
11920
11921
11922
11923
11924
11925
11926
11953
11954
11955
11956
11983
11984
11985
11986
11987
11988
11989
12015
12016
12017
12018
12019
12020
12047
12048
12049
12050
12051
12052
12079
12080
12081
12082
12109
12110
12111
12112
12113
12114
12140
12141
12142
12143
12144
12145
12171
12172
12173
12174
12175
12176
12203
12204
12205
12206
12207
12233
12234
12235
12236
12237
12263
12264
12265
12266
12267
12292
12293
12294
12295
12296
12321
12322
12323
12324
12325
12348
12349
12350
12351
12352
12353
12376
12377
12378
12379
12380
12381
12382
12383
12404
12405
12406
12407
12408
12409
12410
12431
12432
12433
12434
12435
12436
12437
12438
12457
12458
12459
12460
12461
12462
12463
12482
12483
12484
12485
12486
12487
12488
12506
12507
12508
12509
12510
12511
12512
12529
12530
12531
12532
12533
12534
12535
12536
12537
12551
12552
12553
12554
12555
12556
12557
12558
12572
12573
12574
12575
12576
12577
12578
12579
12580
12591
12592
12593
12594
12595
12596
12597
12598
12599
12610
12611
12612
12613
12614
12615
12616
12617
12618
12619
12620
12622
12623
12624
12625
12626
12627
12628
12629
12630
12631
12632
12633
12634
12635
12636
12637
12640
12641
12642
12643
12644
12645
12646
12647
12648
12649
12650
12651
12652
12653
12654
12655
12656
12657
12658
12659
12660
12661
12662
12663
12664
12665
12666
12667
12668
12669
12670
12671
12672
12673
12674
12675
12676
12677
12678
12679
12680
12681
12682
12683
12684
12685
12686
12687
12688
12689
12690
12691
12692
12693
12694
12695
12696
12697
12698
12699
12700
12701
12702
12703
12704
12705
12706
12707
12708
12709
12710
12711
12712
12713
12714
12715
12716
12717
12718
12719
12720
12721
12722
12723
12724
12725
12726
12727
12728
12729
12730
12731
12732
12733
12734
12735
12736
12737
12738
12739
12740
12741
12742
12743
12744
12745
12746
12747
12748
12756
12757
12758
12759
12760
12761
12762
12763
12764
12765
12772
12773
12774
12775
12776
12777
12778
12779
12780
12781
12782
12783
12795
12796
12797
12798
12799
12800
12801
12802
12815
12816
12817
12818
12819
12820
12821
12822
12823
12824
12840
12841
12842
12843
12844
12845
12860
12861
12862
12863
12864
12865
12866
12867
12868
12886
12887
12888
12889
12890
12891
12909
12910
12911
12912
12913
12914
12915
12916
12937
12938
12939
12940
12941
12942
12963
12964
12965
12966
12967
12968
12969
12991
12992
12993
12994
12995
12996
13019
13020
13021
13022
13023
13024
13025
13048
13049
13050
13051
13052
13053
13077
13078
13079
13080
13081
13082
13108
13109
13110
13111
13112
13137
13138
13139
13140
13141
13168
13169
13170
13171
13172
13198
13199
13200
13201
13202
13229
13230
13231
13232
13233
13234
13261
13262
13263
13264
13265
13266
13293
13294
13295
13296
13297
13298
13325
13326
13327
13328
13355
13356
13357
13358
13359
13360
13387
13388
13389
13390
13391
13418
13419
13420
13421
13422
13423
13450
13451
13452
13453
13480
13481
13482
13483
13484
13485
13512
13513
13514
13515
13541
13542
13543
13544
13545
13546
13572
13573
13574
13575
13600
13601
13602
13603
13604
13605
13606
13630
13631
13632
13633
13657
13658
13659
13660
13661
13662
13663
13687
13688
13689
13711
13712
13713
13714
13715
13716
13717
13718
13740
13741
13742
13743
13764
13765
13766
13767
13768
13769
13770
13771
13791
13792
13793
13794
13795
13813
13814
13815
13816
13817
13818
13819
13820
13821
13839
13840
13841
13842
13843
13844
13859
13860
13861
13862
13863
13864
13865
13866
13867
13868
13869
13884
13885
13886
13887
13888
13889
13899
13900
13901
13902
13903
13904
13905
13906
13907
13908
13909
13910
13921
13922
13923
13924
13925
13926
13927
13928
13929
13930
13931
13932
13933
13934
13935
13936
13937
13938
13939
13940
13941
13942
13943
13944
13945
13946
13949
13950
13951
13952
13953
13954
13955
13956
13957
13958
13959
13960
13961
13962
13963
13964
13965
13966
13967
13968
13969
13970
13971
13972
13973
13974
13975
13976
13977
13978
13979
13980
13981
13982
13983
13984
13985
13986
13987
13988
13989
13990
13991
13992
13993
13994
13995
13996
13997
13998
13999
14000
14001
14002
14003
14004
14005
14006
14007
14008
14009
14010
14011
14018
14019
14020
14021
14022
14023
14024
14025
14026
14036
14037
14038
14039
14040
14041
14042
14043
14055
14056
14057
14058
14059
14060
14074
14075
14076
14077
14078
14093
14094
14095
14096
14097
14098
14114
14115
14116
14117
14134
14135
14136
14137
14154
14155
14156
14157
14158
14176
14177
14178
14179
14198
14199
14200
14201
14220
14221
14222
14223
14242
14243
14244
14245
14264
14265
14266
14267
14286
14287
14288
14289
14308
14309
14310
14311
14330
14331
14332
14333
14352
14353
14354
14355
14374
14375
14376
14377
14396
14397
14398
14399
14417
14418
14419
14420
14438
14439
14440
14441
14459
14460
14461
14478
14479
14480
14481
14497
14498
14499
14500
14516
14517
14518
14519
14534
14535
14536
14537
14538
14539
14552
14553
14554
14555
14556
14557
14569
14570
14571
14572
14573
14583
14584
14585
14586
14587
14588
14589
14597
14598
14599
14600
14601
14602
14603
14608
14609
14610
14611
14612
14613
14614
14615
14616
14617
14618
14619
14620
14621
14622
14623
14624
14625
14626
14627
14628
14629
14630
14631
14632
14633
14634
14635
14636
14637
14638
14639
14640
14641
14642
14643
14644
14645
14646
14647
14654
14655
14656
14657
14658
14659
14660
14670
14671
14672
14673
14674
14675
14687
14688
14689
14690
14703
14704
14705
14706
14707
14722
14723
14724
14725
14726
14727
14743
14744
14745
14746
14763
14764
14765
14766
14784
14785
14786
14787
14805
14806
14807
14808
14827
14828
14829
14830
14849
14850
14851
14852
14872
14873
14874
14875
14895
14896
14897
14918
14919
14920
14941
14942
14943
14964
14965
14966
14987
14988
14989
14990
15011
15012
15013
15014
15035
15036
15037
15038
15059
15060
15061
15082
15083
15084
15105
15106
15107
15108
15128
15129
15130
15131
15151
15152
15153
15154
15173
15174
15175
15176
15195
15196
15197
15198
15199
15217
15218
15219
15220
15237
15238
15239
15240
15241
15242
15258
15259
15260
15261
15262
15277
15278
15279
15280
15281
15282
15296
15297
15298
15299
15300
15301
15302
15314
15315
15316
15317
15318
15319
15320
15329
15330
15331
15332
15333
15334
15335
15336
15337
15338
15339
15340
15341
15342
15343
15344
15345
15346
15347
15348
15349
15350
15351
15352
15353
15354
15355
15356
15357
15358
15359
15360
15361
15362
15363
15364
15365
15366
15367
15368
15369
15370
15371
15372
15373
15374
15375
15376
15377
15378
15379
15380
15381
15382
15383
15384
15385
15386
15387
15388
15389
15390
15391
15392
15393
15394
15395
15396
15397
15398
15399
15400
15401
15402
15403
15404
15409
15410
15411
15412
15413
15414
15415
15416
15417
15418
15419
15420
15421
15422
15427
15428
15429
15430
15431
15432
15433
15434
15435
15448
15449
15450
15451
15452
15453
15454
15455
15456
15457
15470
15471
15472
15473
15474
15475
15492
15493
15494
15495
15496
15497
15498
15499
15500
15517
15518
15519
15520
15521
15541
15542
15543
15544
15545
15546
15547
15548
15568
15569
15570
15571
15572
15594
15595
15596
15597
15598
15599
15600
15601
15624
15625
15626
15627
15628
15652
15653
15654
15655
15656
15657
15658
15682
15683
15684
15685
15711
15712
15713
15714
15715
15716
15717
15742
15743
15744
15745
15772
15773
15774
15775
15776
15777
15778
15805
15806
15807
15808
15836
15837
15838
15839
15840
15841
15842
15870
15871
15872
15873
15902
15903
15904
15905
15906
15907
15908
15937
15938
15939
15940
15969
15970
15971
15972
15973
15974
16004
16005
16006
16007
16037
16038
16039
16040
16041
16042
16071
16072
16073
16074
16103
16104
16105
16106
16107
16108
16138
16139
16140
16141
16171
16172
16173
16174
16175
16204
16205
16206
16207
16208
16237
16238
16239
16240
16241
16242
16270
16271
16272
16273
16274
16275
16303
16304
16305
16306
16307
16335
16336
16337
16338
16339
16340
16367
16368
16369
16370
16371
16399
16400
16401
16402
16403
16429
16430
16431
16432
16433
16460
16461
16462
16463
16464
16489
16490
16491
16492
16493
16517
16518
16519
16520
16521
16522
16523
16545
16546
16547
16548
16549
16550
16573
16574
16575
16576
16577
16578
16579
16600
16601
16602
16603
16604
16605
16625
16626
16627
16628
16629
16630
16631
16632
16650
16651
16652
16653
16654
16655
16674
16675
16676
16677
16678
16679
16680
16681
16682
16697
16698
16699
16700
16701
16702
16703
16719
16720
16721
16722
16723
16724
16725
16726
16727
16739
16740
16741
16742
16743
16744
16745
16746
16747
16759
16760
16761
16762
16763
16764
16765
16766
16767
16768
16775
16776
16777
16778
16779
16780
16781
16782
16783
16784
16785
16791
16792
16793
16794
16795
16796
16797
16798
16799
16800
16801
16802
16803
16804
16805
16806
16807
16808
16809
16810
16811
16812
16813
16814
16815
16816
16817
16818
16819
16820
16821
16822
16823
16824
16825
16826
16827
16828
16829
16830
16831
16832
16833
16834
16835
16836
16837
16838
16839
16840
16841
16842
16843
16844
16845
16846
16847
16848
16849
16850
16851
16852
16853
16854
16855
16856
16857
16858
16859
16860
16861
16862
16863
16864
16865
16866
16867
16868
16869
16870
16871
16872
16873
16874
16875
16876
16877
16878
16879
16880
16881
16882
16883
16884
16885
16886
16887
16888
16889
16890
16891
16892
16893
16894
16895
16896
16897
16899
16900
16901
16902
16903
16904
16905
16906
16907
16908
16909
16910
16911
16921
16922
16923
16924
16925
16926
16927
16928
16929
16930
16939
16940
16941
16942
16943
16944
16945
16946
16947
16948
16962
16963
16964
16965
16966
16967
16968
16969
16983
16984
16985
16986
16987
16988
16989
16990
17007
17008
17009
17010
17011
17012
17013
17030
17031
17032
17033
17034
17035
17036
17037
17056
17057
17058
17059
17060
17061
17062
17082
17083
17084
17085
17086
17087
17109
17110
17111
17112
17113
17114
17115
17136
17137
17138
17139
17140
17141
17142
17143
17166
17167
17168
17169
17170
17171
17195
17196
17197
17198
17199
17200
17201
17226
17227
17228
17229
17230
17231
17256
17257
17258
17259
17260
17261
17288
17289
17290
17291
17292
17319
17320
17321
17322
17323
17351
17352
17353
17354
17382
17383
17384
17385
17386
17415
17416
17417
17418
17447
17448
17449
17450
17451
17452
17481
17482
17483
17484
17485
17514
17515
17516
17517
17546
17547
17548
17549
17550
17551
17581
17582
17583
17584
17614
17615
17616
17617
17618
17619
17648
17649
17650
17651
17680
17681
17682
17683
17684
17685
17715
17716
17717
17718
17746
17747
17748
17749
17750
17751
17752
17781
17782
17783
17784
17812
17813
17814
17815
17816
17817
17818
17846
17847
17848
17849
17876
17877
17878
17879
17880
17881
17882
17883
17910
17911
17912
17913
17939
17940
17941
17942
17943
17944
17945
17971
17972
17973
17974
17999
18000
18001
18002
18003
18004
18005
18029
18030
18031
18032
18056
18057
18058
18059
18060
18061
18062
18085
18086
18087
18088
18109
18110
18111
18112
18113
18114
18115
18136
18137
18138
18139
18140
18141
18159
18160
18161
18162
18163
18164
18165
18166
18185
18186
18187
18188
18189
18203
18204
18205
18206
18207
18208
18209
18210
18211
18212
18213
18228
18229
18230
18231
18232
18233
18234
18235
18236
18243
18244
18245
18246
18247
18248
18249
18250
18251
18252
18253
18254
18263
18264
18265
18266
18267
18268
18269
18270
18271
18272
18273
18274
18275
18276
18277
18278
18279
18280
18281
18282
18283
18284
18285
18286
18287
18289
18290
18291
18292
18293
18294
18295
18296
18297
18298
18299
18300
18301
18302
18303
18304
18305
18306
18307
18308
18309
18310
18311
18312
18313
18314
18315
18316
18317
18318
18319
18320
18321
18322
18323
18324
18325
18326
18327
18328
18329
18330
18331
18332
18333
18334
18335
18336
18337
18338
18343
18344
18345
18346
18347
18348
18349
18350
18351
18352
18362
18363
18364
18365
18366
18367
18368
18369
18381
18382
18383
18384
18385
18400
18401
18402
18403
18404
18405
18421
18422
18423
18424
18441
18442
18443
18444
18445
18446
18463
18464
18465
18466
18467
18486
18487
18488
18489
18508
18509
18510
18511
18512
18531
18532
18533
18534
18535
18555
18556
18557
18558
18578
18579
18580
18601
18602
18603
18624
18625
18626
18647
18648
18649
18670
18671
18672
18693
18694
18695
18716
18717
18718
18739
18740
18741
18762
18763
18764
18765
18785
18786
18787
18788
18808
18809
18810
18811
18830
18831
18832
18833
18852
18853
18854
18855
18873
18874
18875
18876
18894
18895
18896
18897
18915
18916
18917
18934
18935
18936
18937
18952
18953
18954
18955
18956
18957
18971
18972
18973
18974
18987
18988
18989
18990
19001
19002
19003
19004
19005
19006
19015
19016
19017
19018
19019
19020
19021
19022
19026
19027
19028
19029
19030
19031
19032
19033
19034
19035
19036
19037
19038
19039
19040
19041
19042
19043
19044
19045
19046
19047
19048
19049
19050
19051
19052
19053
19054
19055
19056
19062
19063
19064
19065
19066
19067
19068
19078
19079
19080
19081
19082
19083
19095
19096
19097
19098
19099
19113
19114
19115
19116
19131
19132
19133
19134
19135
19136
19152
19153
19154
19155
19173
19174
19175
19176
19195
19196
19197
19198
19217
19218
19219
19220
19240
19241
19242
19262
19263
19264
19265
19286
19287
19288
19289
19310
19311
19312
19313
19335
19336
19337
19359
19360
19361
19383
19384
19385
19386
19408
19409
19410
19411
19433
19434
19435
19436
19458
19459
19460
19483
19484
19485
19486
19508
19509
19510
19511
19533
19534
19535
19536
19558
19559
19560
19561
19583
19584
19585
19606
19607
19608
19609
19630
19631
19632
19633
19654
19655
19656
19657
19658
19678
19679
19680
19681
19700
19701
19702
19703
19704
19723
19724
19725
19726
19727
19745
19746
19747
19748
19765
19766
19767
19768
19769
19770
19785
19786
19787
19788
19789
19790
19791
19805
19806
19807
19808
19809
19810
19811
19822
19823
19824
19825
19826
19827
19828
19829
19830
19831
19837
19838
19839
19840
19841
19842
19843
19844
19845
19846
19847
19848
19849
19850
19851
19852
19853
19854
19855
19856
19857
19858
19859
19860
19861
19862
19863
19864
19865
19866
19867
19868
19869
19870
19871
19872
19873
19874
19875
19876
19877
19878
19879
19880
19881
19882
19883
19884
19885
19886
19887
19888
19889
19890
19891
19892
19893
19894
19895
19896
19897
19898
19899
19900
19901
19902
19903
19904
19905
19906
19907
19908
19911
19912
19913
19914
19915
19916
19917
19918
19919
19920
19932
19933
19934
19935
19936
19937
19938
19939
19940
19941
19942
19943
19954
19955
19956
19957
19958
19959
19960
19976
19977
19978
19979
19980
19981
19982
19983
19984
20001
20002
20003
20004
20005
20006
20025
20026
20027
20028
20029
20030
20031
20032
20033
20052
20053
20054
20055
20056
20079
20080
20081
20082
20083
20084
20085
20107
20108
20109
20110
20111
20135
20136
20137
20138
20139
20140
20141
20142
20167
20168
20169
20170
20171
20197
20198
20199
20200
20201
20202
20203
20230
20231
20232
20233
20261
20262
20263
20264
20265
20266
20267
20295
20296
20297
20298
20327
20328
20329
20330
20331
20332
20333
20362
20363
20364
20365
20396
20397
20398
20399
20400
20401
20431
20432
20433
20434
20435
20466
20467
20468
20469
20470
20471
20502
20503
20504
20505
20537
20538
20539
20540
20541
20572
20573
20574
20575
20576
20577
20608
20609
20610
20611
20612
20613
20645
20646
20647
20648
20680
20681
20682
20683
20684
20716
20717
20718
20719
20720
20751
20752
20753
20754
20755
20787
20788
20789
20790
20821
20822
20823
20824
20825
20856
20857
20858
20859
20860
20891
20892
20893
20894
20895
20925
20926
20927
20928
20929
20930
20960
20961
20962
20963
20964
20993
20994
20995
20996
20997
20998
21026
21027
21028
21029
21030
21058
21059
21060
21061
21062
21063
21090
21091
21092
21093
21094
21121
21122
21123
21124
21125
21126
21152
21153
21154
21155
21156
21157
21182
21183
21184
21185
21186
21187
21188
21211
21212
21213
21214
21215
21216
21240
21241
21242
21243
21244
21245
21267
21268
21269
21270
21271
21272
21293
21294
21295
21296
21297
21298
21299
21300
21319
21320
21321
21322
21323
21324
21325
21344
21345
21346
21347
21348
21349
21350
21351
21367
21368
21369
21370
21371
21372
21373
21390
21391
21392
21393
21394
21395
21396
21409
21410
21411
21412
21413
21414
21415
21416
21429
21430
21431
21432
21433
21434
21435
21436
21437
21438
21439
21446
21447
21448
21449
21450
21451
21452
21453
21454
21455
21464
21465
21466
21467
21468
21469
21470
21471
21472
21473
21474
21475
21476
21477
21478
21479
21480
21481
21482
21483
21484
21485
21486
21487
21488
21489
21490
21491
21492
21493
21494
21495
21496
21497
21498
21499
21500
21501
21502
21503
21504
21505
21506
21507
21508
21509
21510
21511
21512
21513
21514
21515
21516
21517
21518
21519
21520
21521
21522
21523
21524
21525
21526
21527
21528
21529
21530
21531
21532
21533
21534
21535
21536
21537
21538
21539
21540
21541
21542
21543
21544
21545
21546
21547
21548
21549
21550
21551
21552
21553
21554
21555
21556
21557
21558
21559
21563
21564
21565
21566
21567
21568
21569
21570
21571
21572
21573
21574
21575
21579
21580
21581
21582
21583
21584
21585
21586
21587
21588
21589
21590
21600
21601
21602
21603
21604
21605
21606
21607
21608
21609
21610
21620
21621
21622
21623
21624
21625
21626
21627
21628
21643
21644
21645
21646
21647
21648
21649
21650
21664
21665
21666
21667
21668
21669
21670
21671
21672
21690
21691
21692
21693
21694
21695
21696
21713
21714
21715
21716
21717
21718
21719
21740
21741
21742
21743
21744
21745
21765
21766
21767
21768
21769
21770
21771
21772
21794
21795
21796
21797
21798
21799
21822
21823
21824
21825
21826
21827
21852
21853
21854
21855
21856
21857
21881
21882
21883
21884
21885
21886
21887
21913
21914
21915
21916
21917
21944
21945
21946
21947
21948
21976
21977
21978
21979
21980
21981
22009
22010
22011
22012
22013
22042
22043
22044
22045
22046
22047
22076
22077
22078
22079
22080
22110
22111
22112
22113
22114
22115
22145
22146
22147
22148
22149
22150
22180
22181
22182
22183
22184
22185
22216
22217
22218
22219
22250
22251
22252
22253
22254
22286
22287
22288
22289
22321
22322
22323
22324
22325
22356
22357
22358
22359
22360
22361
22392
22393
22394
22395
22396
22397
22429
22430
22431
22432
22464
22465
22466
22467
22468
22499
22500
22501
22502
22503
22534
22535
22536
22537
22538
22539
22570
22571
22572
22573
22603
22604
22605
22606
22607
22608
22639
22640
22641
22642
22672
22673
22674
22675
22676
22677
22678
22707
22708
22709
22710
22738
22739
22740
22741
22742
22743
22744
22745
22773
22774
22775
22776
22803
22804
22805
22806
22807
22808
22809
22810
22837
22838
22839
22840
22865
22866
22867
22868
22869
22870
22871
22896
22897
22898
22899
22922
22923
22924
22925
22926
22927
22928
22929
22952
22953
22954
22955
22956
22957
22978
22979
22980
22981
22982
22983
22984
23005
23006
23007
23008
23009
23026
23027
23028
23029
23030
23031
23032
23033
23034
23052
23053
23054
23055
23056
23069
23070
23071
23072
23073
23074
23075
23076
23077
23078
23079
23080
23093
23094
23095
23096
23097
23098
23099
23100
23101
23102
23103
23109
23110
23111
23112
23113
23114
23115
23116
23117
23118
23119
23125
23126
23127
23128
23129
23130
23131
23132
23133
23134
23135
23136
23137
23138
23139
23140
23141
23142
23143
23144
23145
23146
23147
23148
23149
23150
23151
23152
23153
23154
23155
23156
23157
23158
23159
23160
23161
23162
23163
23164
23165
23166
23167
23168
23169
23170
23171
23172
23173
23174
23175
23176
23177
23178
23179
23180
23181
23182
23183
23184
23185
23186
23187
23188
23189
23190
23191
23192
23193
23194
23195
23196
23197
23198
23199
23200
23201
23210
23211
23212
23213
23214
23215
23216
23217
23218
23230
23231
23232
23233
23234
23235
23250
23251
23252
23253
23254
23255
23271
23272
23273
23274
23275
23276
23293
23294
23295
23296
23297
23298
23316
23317
23318
23319
23320
23339
23340
23341
23342
23343
23363
23364
23365
23366
23387
23388
23389
23390
23411
23412
23413
23414
23436
23437
23438
23460
23461
23462
23484
23485
23486
23487
23509
23510
23511
23512
23534
23535
23536
23537
23559
23560
23561
23562
23584
23585
23586
23587
23609
23610
23611
23612
23634
23635
23636
23637
23659
23660
23661
23683
23684
23685
23707
23708
23709
23730
23731
23732
23733
23754
23755
23756
23757
23777
23778
23779
23780
23800
23801
23802
23803
23822
23823
23824
23825
23844
23845
23846
23847
23865
23866
23867
23868
23885
23886
23887
23888
23903
23904
23905
23906
23907
23908
23922
23923
23924
23925
23938
23939
23940
23941
23942
23953
23954
23955
23956
23957
23958
23959
23966
23967
23968
23969
23970
23971
23972
23973
23974
23975
23976
23977
23978
23979
23980
23981
23982
23983
23984
23985
23986
23987
23988
23989
23990
23991
23992
23993
23994
23995
23996
23997
23998
23999
24000
24004
24005
24006
24007
24008
24009
24010
24019
24020
24021
24022
24023
24024
24036
24037
24038
24039
24040
24054
24055
24056
24057
24072
24073
24074
24075
24076
24093
24094
24095
24096
24114
24115
24116
24117
24136
24137
24138
24139
24159
24160
24181
24182
24183
24184
24205
24206
24207
24208
24229
24230
24231
24232
24254
24255
24278
24279
24280
24281
24304
24305
24306
24307
24330
24331
24332
24333
24356
24357
24358
24359
24383
24384
24385
24409
24410
24411
24435
24436
24437
24461
24462
24463
24487
24488
24489
24513
24514
24515
24538
24539
24540
24541
24564
24565
24566
24567
24590
24591
24592
24615
24616
24617
24640
24641
24642
24643
24665
24666
24667
24668
24689
24690
24691
24692
24713
24714
24715
24716
24717
24737
24738
24739
24740
24760
24761
24762
24763
24764
24782
24783
24784
24785
24786
24787
24804
24805
24806
24807
24808
24809
24824
24825
24826
24827
24828
24829
24842
24843
24844
24845
24846
24847
24848
24849
24850
24859
24860
24861
24862
24863
24864
24865
24866
24867
24868
24869
24870
24871
24872
24873
24874
24875
24876
24877
24878
24879
24880
24881
24882
24883
24884
24885
24886
24887
24888
24889
24890
24891
24892
24893
24894
24895
24896
24897
24898
24899
24900
24901
24902
24903
24904
24905
24906
24907
24908
24909
24910
24911
24912
24913
24914
24915
24916
24917
24918
24919
24920
24921
24922
24923
24924
24925
24926
24927
24928
24929
24930
24931
24932
24933
24934
24935
24936
24937
24945
24946
24947
24948
24949
24950
24951
24952
24953
24954
24955
24956
24957
24965
24966
24967
24968
24969
24970
24971
24986
24987
24988
24989
24990
24991
24992
24993
24994
24995
24996
25011
25012
25013
25014
25015
25034
25035
25036
25037
25038
25039
25040
25041
25060
25061
25062
25063
25064
25086
25087
25088
25089
25090
25091
25092
25093
25115
25116
25117
25142
25143
25144
25145
25146
25147
25148
25149
25173
25174
25175
25176
25202
25203
25204
25205
25206
25207
25208
25209
25236
25237
25238
25266
25267
25268
25269
25270
25271
25272
25301
25302
25333
25334
25335
25336
25337
25338
25339
25369
25370
25402
25403
25404
25405
25406
25407
25408
25439
25440
25473
25474
25475
25476
25477
25478
25479
25511
25512
25513
25546
25547
25548
25549
25550
25551
25584
25585
25586
25620
25621
25622
25623
25624
25625
25658
25659
25660
25661
25694
25695
25696
25697
25698
25699
25733
25734
25735
25736
25770
25771
25772
25773
25774
25808
25809
25810
25811
25844
25845
25846
25847
25848
25849
25883
25884
25885
25886
25887
25920
25921
25922
25923
25924
25957
25958
25959
25960
25993
25994
25995
25996
25997
25998
26030
26031
26032
26033
26034
26066
26067
26068
26069
26070
26071
26102
26103
26104
26105
26106
26107
26138
26139
26140
26141
26142
26172
26173
26174
26175
26176
26177
26207
26208
26209
26210
26211
26240
26241
26242
26243
26244
26245
26273
26274
26275
26276
26277
26278
26306
26307
26308
26309
26310
26311
26337
26338
26339
26340
26341
26342
26368
26369
26370
26371
26372
26373
26398
26399
26400
26401
26402
26403
26427
26428
26429
26430
26431
26432
26433
26434
26456
26457
26458
26459
26460
26461
26462
26483
26484
26485
26486
26487
26488
26489
26490
26509
26510
26511
26512
26513
26514
26515
26535
26536
26537
26538
26539
26540
26541
26542
26543
26559
26560
26561
26562
26563
26564
26565
26582
26583
26584
26585
26586
26587
26588
26589
26590
26603
26604
26605
26606
26607
26608
26609
26610
26624
26625
26626
26627
26628
26629
26630
26631
26632
26633
26641
26642
26643
26644
26645
26646
26647
26648
26649
26650
26659
26660
26661
26662
26663
26664
26665
26666
26667
26668
26669
26670
26671
26672
26673
26674
26675
26676
26677
26678
26679
26680
26681
26682
26683
26684
26685
26686
26687
26688
26689
26690
26691
26692
26693
26694
26695
26696
26697
26698
26699
26700
26701
26702
26703
26704
26705
26706
26707
26708
26709
26710
26711
26712
26713
26714
26715
26716
26717
26718
26719
26720
26721
26722
26723
26724
26725
26726
26727
26728
26729
26730
26731
26732
26733
26734
26735
26736
26737
26738
26739
26740
26741
26742
26743
26744
26745
26746
26747
26748
26749
26750
26751
26752
26753
26754
26755
26756
26757
26758
26763
26764
26765
26766
26767
26768
26769
26770
26771
26772
26773
26774
26779
26780
26781
26782
26783
26784
26785
26786
26787
26788
26789
26790
26801
26802
26803
26804
26805
26806
26807
26808
26819
26820
26821
26822
26823
26824
26825
26826
26827
26842
26843
26844
26845
26846
26847
26848
26864
26865
26866
26867
26868
26869
26870
26871
26889
26890
26891
26892
26893
26894
26913
26914
26915
26916
26917
26918
26919
26920
26941
26942
26943
26944
26945
26946
26967
26968
26969
26970
26971
26972
26973
26996
26997
26998
26999
27000
27001
27024
27025
27026
27027
27028
27029
27030
27031
27056
27057
27058
27059
27060
27061
27086
27087
27088
27089
27090
27091
27118
27119
27120
27121
27122
27123
27150
27151
27152
27153
27154
27155
27184
27185
27186
27187
27188
27217
27218
27219
27220
27221
27222
27252
27253
27254
27255
27256
27286
27287
27288
27289
27290
27291
27322
27323
27324
27325
27357
27358
27359
27360
27361
27362
27394
27395
27396
27397
27430
27431
27432
27433
27434
27467
27468
27469
27470
27471
27504
27505
27506
27507
27540
27541
27542
27543
27544
27545
27578
27579
27580
27581
27582
27583
27616
27617
27618
27619
27620
27621
27655
27656
27657
27658
27691
27692
27693
27694
27695
27696
27730
27731
27732
27766
27767
27768
27769
27770
27771
27804
27805
27806
27807
27840
27841
27842
27843
27844
27845
27879
27880
27881
27913
27914
27915
27916
27917
27918
27951
27952
27953
27984
27985
27986
27987
27988
27989
28021
28022
28053
28054
28055
28056
28057
28058
28089
28090
28091
28119
28120
28121
28122
28123
28124
28125
28126
28155
28156
28157
28184
28185
28186
28187
28188
28189
28190
28218
28219
28220
28245
28246
28247
28248
28249
28250
28251
28252
28277
28278
28279
28280
28303
28304
28305
28306
28307
28308
28309
28310
28332
28333
28334
28335
28336
28356
28357
28358
28359
28360
28361
28362
28383
28384
28385
28386
28387
28403
28404
28405
28406
28407
28408
28409
28410
28411
28412
28429
28430
28431
28432
28433
28434
28435
28445
28446
28447
28448
28449
28450
28451
28452
28453
28454
28455
28456
28467
28468
28469
28470
28471
28472
28473
28474
28475
28476
28477
28480
28481
28482
28483
28484
28485
28486
28487
28488
28489
28490
28494
28495
28496
28497
28498
28499
28500
28501
28502
28503
28504
28505
28506
28507
28508
28509
28510
28511
28512
28513
28514
28515
28516
28517
28518
28519
28520
28521
28522
28523
28524
28525
28526
28527
28528
28529
28530
28531
28532
28533
28534
28535
28536
28537
28538
28539
28540
28541
28542
28543
28548
28549
28550
28551
28552
28553
28554
28555
28556
28557
28558
28569
28570
28571
28572
28573
28574
28575
28576
28591
28592
28593
28594
28595
28596
28612
28613
28614
28615
28616
28617
28634
28635
28636
28637
28638
28657
28658
28659
28660
28661
28662
28682
28683
28684
28685
28706
28707
28708
28709
28731
28732
28733
28734
28756
28757
28758
28759
28781
28782
28783
28806
28807
28808
28809
28832
28833
28834
28835
28858
28859
28860
28861
28884
28885
28886
28887
28911
28912
28913
28937
28938
28939
28963
28964
28965
28989
28990
28991
29015
29016
29017
29040
29041
29042
29043
29066
29067
29068
29069
29092
29093
29094
29117
29118
29119
29142
29143
29144
29145
29167
29168
29169
29170
29192
29193
29194
29215
29216
29217
29238
29239
29240
29241
29261
29262
29263
29264
29283
29284
29285
29286
29287
29305
29306
29307
29308
29325
29326
29327
29328
29344
29345
29346
29347
29348
29362
29363
29364
29365
29378
29379
29380
29381
29382
29383
29384
29394
29395
29396
29397
29398
29399
29400
29406
29407
29408
29409
29410
29411
29412
29413
29414
29415
29416
29417
29418
29419
29420
29421
29422
29423
29424
29425
29426
29427
29428
29429
29430
29431
29432
29433
29434
29435
29436
29437
29438
29445
29446
29447
29448
29449
29450
29461
29462
29463
29464
29465
29478
29479
29480
29481
29482
29497
29498
29499
29500
29517
29518
29519
29520
29538
29539
29540
29541
29560
29561
29562
29563
29583
29584
29585
29586
29607
29608
29609
29610
29631
29632
29633
29634
29656
29657
29680
29681
29682
29683
29706
29707
29708
29709
29732
29733
29734
29735
29759
29760
29785
29786
29811
29812
29813
29838
29839
29840
29865
29866
29867
29892
29893
29894
29919
29920
29921
29946
29947
29948
29973
29974
29975
30000
30001
30002
30027
30028
30029
30030
30054
30055
30056
30057
30081
30082
30083
30084
30108
30109
30110
30111
30134
30135
30136
30137
30160
30161
30162
30163
30186
30187
30188
30189
30211
30212
30213
30214
30236
30237
30238
30239
30260
30261
30262
30263
30264
30283
30284
30285
30286
30287
30288
30306
30307
30308
30309
30310
30311
30328
30329
30330
30331
30332
30333
30348
30349
30350
30351
30352
30353
30354
30365
30366
30367
30368
30369
30370
30371
30372
30373
30374
30375
30378
30379
30380
30381
30382
30383
30384
30385
30386
30387
30388
30389
30390
30391
30392
30393
30394
30395
30396
30397
30398
30399
30400
30401
30402
30403
30404
30405
30406
30407
30408
30409
30410
30411
30412
30413
30414
30415
30416
30417
30418
30419
30420
30421
30422
30423
30424
30425
30426
30427
30428
30429
30430
30431
30434
30435
30436
30437
30438
30439
30440
30441
30442
30443
30444
30445
30450
30451
30452
30453
30454
30455
30456
30457
30470
30471
30472
30473
30474
30475
30476
30477
30478
30479
30491
30492
30493
30494
30495
30496
30497
30498
30515
30516
30517
30518
30519
30520
30521
30522
30523
30541
30542
30543
30544
30545
30566
30567
30568
30569
30570
30571
30572
30573
30594
30595
30596
30597
30620
30621
30622
30623
30624
30625
30626
30627
30651
30652
30653
30654
30680
30681
30682
30683
30684
30685
30686
30712
30713
30714
30715
30743
30744
30745
30746
30747
30748
30749
30777
30778
30779
30809
30810
30811
30812
30813
30814
30815
30845
30846
30847
30879
30880
30881
30882
30883
30884
30885
30916
30917
30918
30951
30952
30953
30954
30955
30956
30989
30990
30991
31025
31026
31027
31028
31029
31030
31064
31065
31066
31101
31102
31103
31104
31105
31140
31141
31142
31143
31178
31179
31180
31181
31182
31183
31218
31219
31220
31256
31257
31258
31259
31260
31295
31296
31297
31298
31333
31334
31335
31336
31337
31373
31374
31375
31376
31412
31413
31414
31415
31416
31451
31452
31453
31454
31489
31490
31491
31492
31493
31529
31530
31531
31532
31533
31567
31568
31569
31570
31571
31606
31607
31608
31609
31643
31644
31645
31646
31647
31681
31682
31683
31684
31717
31718
31719
31720
31721
31754
31755
31756
31757
31758
31790
31791
31792
31793
31794
31826
31827
31828
31829
31830
31831
31861
31862
31863
31864
31865
31895
31896
31897
31898
31899
31900
31929
31930
31931
31932
31933
31962
31963
31964
31965
31966
31967
31994
31995
31996
31997
31998
32025
32026
32027
32028
32029
32030
32055
32056
32057
32058
32059
32084
32085
32086
32087
32088
32089
32112
32113
32114
32115
32116
32117
32118
32140
32141
32142
32143
32144
32145
32146
32147
32167
32168
32169
32170
32171
32172
32192
32193
32194
32195
32196
32197
32198
32199
32216
32217
32218
32219
32220
32221
32222
32239
32240
32241
32242
32243
32244
32245
32246
32247
32261
32262
32263
32264
32265
32266
32267
32268
32282
32283
32284
32285
32286
32287
32288
32289
32290
32291
32300
32301
32302
32303
32304
32305
32306
32307
32308
32309
32318
32319
32320
32321
32322
32323
32324
32325
32326
32327
32328
32329
32330
32331
32332
32333
32334
32335
32336
32337
32338
32339
32340
32341
32342
32343
32344
32345
32346
32347
32348
32349
32350
32351
32352
32353
32354
32355
32356
32357
32358
32359
32360
32361
32362
32363
32364
32365
32366
32367
32368
32369
32370
32371
32372
32373
32374
32375
32376
32377
32378
32379
32380
32381
32382
32383
32384
32385
32386
32387
32388
32389
32390
32391
32392
32393
32394
32395
32396
32397
32398
32399
32400
32401
32402
32403
32404
32405
32406
32407
32408
32409
32410
32411
32412
32413
32414
32415
32416
32417
32418
32419
32420
32421
32426
32427
32428
32429
32430
32431
32432
32433
32434
32435
32436
32437
32443
32444
32445
32446
32447
32448
32449
32450
32451
32452
32453
32454
32465
32466
32467
32468
32469
32470
32471
32472
32484
32485
32486
32487
32488
32489
32490
32491
32492
32508
32509
32510
32511
32512
32513
32514
32529
32530
32531
32532
32533
32534
32535
32536
32537
32556
32557
32558
32559
32560
32561
32562
32580
32581
32582
32583
32584
32585
32586
32587
32588
32609
32610
32611
32612
32613
32614
32635
32636
32637
32638
32639
32640
32641
32642
32665
32666
32667
32668
32669
32670
32694
32695
32696
32697
32698
32699
32700
32726
32727
32728
32729
32730
32731
32757
32758
32759
32760
32761
32762
32763
32790
32791
32792
32793
32794
32795
32823
32824
32825
32826
32827
32828
32858
32859
32860
32861
32862
32891
32892
32893
32894
32895
32896
32927
32928
32929
32930
32961
32962
32963
32964
32965
32966
32998
32999
33000
33001
33002
33035
33036
33037
33038
33039
33072
33073
33074
33075
33076
33110
33111
33112
33113
33114
33148
33149
33150
33151
33152
33187
33188
33189
33190
33225
33226
33227
33228
33229
33264
33265
33266
33267
33268
33304
33305
33306
33307
33343
33344
33345
33346
33381
33382
33383
33384
33385
33386
33422
33423
33424
33425
33461
33462
33463
33464
33465
33466
33501
33502
33503
33504
33539
33540
33541
33542
33543
33544
33580
33581
33582
33616
33617
33618
33619
33620
33621
33656
33657
33658
33692
33693
33694
33695
33696
33697
33731
33732
33733
33766
33767
33768
33769
33770
33771
33804
33805
33806
33838
33839
33840
33841
33842
33843
33875
33876
33877
33908
33909
33910
33911
33912
33913
33914
33944
33945
33946
33975
33976
33977
33978
33979
33980
33981
34010
34011
34012
34013
34040
34041
34042
34043
34044
34045
34046
34073
34074
34075
34076
34100
34101
34102
34103
34104
34105
34106
34107
34131
34132
34133
34134
34156
34157
34158
34159
34160
34161
34162
34163
34185
34186
34187
34188
34207
34208
34209
34210
34211
34212
34213
34214
34215
34234
34235
34236
34237
34238
34239
34252
34253
34254
34255
34256
34257
34258
34259
34260
34261
34262
34276
34277
34278
34279
34280
34281
34282
34283
34284
34285
34286
34292
34293
34294
34295
34296
34297
34298
34299
34300
34301
34302
34303
34309
34310
34311
34312
34313
34314
34315
34316
34317
34318
34319
34320
34321
34322
34323
34324
34325
34326
34327
34328
34329
34330
34331
34332
34333
34334
34335
34336
34337
34338
34339
34340
34341
34342
34343
34344
34345
34346
34347
34348
34349
34350
34351
34352
34353
34354
34355
34356
34357
34358
34359
34360
34361
34362
34363
34364
34365
34366
34367
34368
34369
34370
34371
34372
34373
34374
34375
34384
34385
34386
34387
34388
34389
34390
34391
34404
34405
34406
34407
34408
34409
34410
34426
34427
34428
34429
34430
34431
34449
34450
34451
34452
34453
34472
34473
34474
34475
34476
34477
34497
34498
34499
34500
34521
34522
34523
34524
34546
34547
34548
34549
34572
34573
34574
34575
34598
34599
34600
34601
34625
34626
34627
34651
34652
34653
34677
34678
34679
34680
34704
34705
34706
34731
34732
34733
34758
34759
34760
34785
34786
34787
34812
34813
34814
34839
34840
34841
34866
34867
34868
34893
34894
34895
34920
34921
34922
34947
34948
34949
34950
34974
34975
34976
34977
35001
35002
35003
35004
35028
35029
35030
35053
35054
35055
35078
35079
35080
35081
35103
35104
35105
35106
35128
35129
35130
35151
35152
35153
35174
35175
35176
35177
35196
35197
35198
35199
35217
35218
35219
35220
35237
35238
35239
35240
35256
35257
35258
35259
35274
35275
35276
35277
35278
35289
35290
35291
35292
35293
35294
35303
35304
35305
35306
35307
35308
35309
35310
35313
35314
35315
35316
35317
35318
35319
35320
35321
35322
35323
35324
35325