17494130	0	0	-1
17494241	0	0	-1
17494278	0	0	-1
17494315	0	0	-1
17494351	0	0	-1
17494352	0	0	-1
17494388	0	0	-1
17494424	0	0	-1
17494460	0	0	-1
17494496	0	0	-1
17495299	0	0	-1
17495329	0	0	-1
17495330	0	0	-1
17495361	0	0	-1
17495362	0	0	-1
17495394	0	0	-1
17495426	0	0	-1
17495427	0	0	-1
17495461	0	0	-1
17495462	0	0	-1
17495496	0	0	-1
17495497	0	0	-1
17495531	0	0	-1
17495532	0	0	-1
17495566	0	0	-1
17495567	0	0	-1
17495600	0	0	-1
17495601	0	0	-1
17495602	0	0	-1
17495634	0	0	-1
17495635	0	0	-1
17495636	0	0	-1
17495668	0	0	-1
17495669	0	0	-1
17495670	0	0	-1
17495702	0	0	-1
17495703	0	0	-1
17495704	0	0	-1
17495735	0	0	-1
17495736	0	0	-1
17495737	0	0	-1
17495768	0	0	-1
17495769	0	0	-1
17495770	0	0	-1
17495801	0	0	-1
17495802	0	0	-1
17495803	0	0	-1
17495834	0	0	-1
17495835	0	0	-1
17495836	0	0	-1
17495867	0	0	-1
17495868	0	0	-1
17495900	0	0	-1
17496360	0	0	-1
17496383	0	0	-1
17496384	0	0	-1
17496407	0	0	-1
17496408	0	0	-1
17496432	0	0	-1
17496433	0	0	-1
17496454	0	0	-1
17496457	0	0	-1
17496458	0	0	-1
17496459	0	0	-1
17496481	0	0	-1
17496484	0	0	-1
17496485	0	0	-1
17496512	0	0	-1
17496513	0	0	-1
17496537	0	0	-1
17496541	0	0	-1
17496542	0	0	-1
17496543	0	0	-1
17496571	0	0	-1
17496572	0	0	-1
17496573	0	0	-1
17496602	0	0	-1
17496603	0	0	-1
17496604	0	0	-1
17496633	0	0	-1
17496634	0	0	-1
17496635	0	0	-1
17496664	0	0	-1
17496665	0	0	-1
17496666	0	0	-1
17496695	0	0	-1
17496696	0	0	-1
17496697	0	0	-1
17496726	0	0	-1
17496727	0	0	-1
17496728	0	0	-1
17496757	0	0	-1
17496758	0	0	-1
17496759	0	0	-1
17496788	0	0	-1
17496789	0	0	-1
17496790	0	0	-1
17496819	0	0	-1
17496820	0	0	-1
17496821	0	0	-1
17496850	0	0	-1
17496851	0	0	-1
17496852	0	0	-1
17496881	0	0	-1
17496882	0	0	-1
17496883	0	0	-1
17496911	0	0	-1
17496912	0	0	-1
17496913	0	0	-1
17496941	0	0	-1
17496942	0	0	-1
17496943	0	0	-1
17496971	0	0	-1
17496972	0	0	-1
17496973	0	0	-1
17497001	0	0	-1
17497002	0	0	-1
17497003	0	0	-1
17497030	0	0	-1
17497031	0	0	-1
17497032	0	0	-1
17497059	0	0	-1
17497060	0	0	-1
17497061	0	0	-1
17497089	0	0	-1
17497090	0	0	-1
17497091	0	0	-1
17497118	0	0	-1
17497372	0	0	-1
17497373	0	0	-1
17497374	0	0	-1
17497375	0	0	-1
17497376	0	0	-1
17497377	0	0	-1
17497378	0	0	-1
17497386	0	0	-1
17497387	0	0	-1
17497388	0	0	-1
17497392	0	0	-1
17497393	0	0	-1
17497394	0	0	-1
17497395	0	0	-1
17497396	0	0	-1
17497397	0	0	-1
17497398	0	0	-1
17497403	0	0	-1
17497404	0	0	-1
17497405	0	0	-1
17497406	0	0	-1
17497414	0	0	-1
17497415	0	0	-1
17497416	0	0	-1
17497417	0	0	-1
17497418	0	0	-1
17497419	0	0	-1
17497422	0	0	-1
17497423	0	0	-1
17497424	0	0	-1
17497425	0	0	-1
17497426	0	0	-1
17497438	0	0	-1
17497439	0	0	-1
17497440	0	0	-1
17497443	0	0	-1
17497444	0	0	-1
17497445	0	0	-1
17497446	0	0	-1
17497447	0	0	-1
17497462	0	0	-1
17497463	0	0	-1
17497465	0	0	-1
17497466	0	0	-1
17497467	0	0	-1
17497468	0	0	-1
17497485	0	0	-1
17497486	0	0	-1
17497488	0	0	-1
17497489	0	0	-1
17497490	0	0	-1
17497491	0	0	-1
17497510	0	0	-1
17497511	0	0	-1
17497513	0	0	-1
17497514	0	0	-1
17497515	0	0	-1
17497516	0	0	-1
17497535	0	0	-1
17497536	0	0	-1
17497537	0	0	-1
17497538	0	0	-1
17497539	0	0	-1
17497540	0	0	-1
17497561	0	0	-1
17497562	0	0	-1
17497564	0	0	-1
17497565	0	0	-1
17497566	0	0	-1
17497587	0	0	-1
17497588	0	0	-1
17497589	0	0	-1
17497591	0	0	-1
17497592	0	0	-1
17497593	0	0	-1
17497615	0	0	-1
17497616	0	0	-1
17497618	0	0	-1
17497619	0	0	-1
17497620	0	0	-1
17497643	0	0	-1
17497646	0	0	-1
17497647	0	0	-1
17497648	0	0	-1
17497671	0	0	-1
17497672	0	0	-1
17497674	0	0	-1
17497675	0	0	-1
17497700	0	0	-1
17497702	0	0	-1
17497703	0	0	-1
17497704	0	0	-1
17497728	0	0	-1
17497730	0	0	-1
17497731	0	0	-1
17497732	0	0	-1
17497756	0	0	-1
17497758	0	0	-1
17497759	0	0	-1
17497760	0	0	-1
17497784	0	0	-1
17497786	0	0	-1
17497787	0	0	-1
17497788	0	0	-1
17497812	0	0	-1
17497814	0	0	-1
17497815	0	0	-1
17497816	0	0	-1
17497839	0	0	-1
17497841	0	0	-1
17497842	0	0	-1
17497843	0	0	-1
17497868	0	0	-1
17497869	0	0	-1
17497870	0	0	-1
17497895	0	0	-1
17497896	0	0	-1
17497897	0	0	-1
17497921	0	0	-1
17497922	0	0	-1
17497923	0	0	-1
17497947	0	0	-1
17497948	0	0	-1
17497949	0	0	-1
17497973	0	0	-1
17497974	0	0	-1
17497975	0	0	-1
17497999	0	0	-1
17498000	0	0	-1
17498001	0	0	-1
17498024	0	0	-1
17498025	0	0	-1
17498026	0	0	-1
17498049	0	0	-1
17498050	0	0	-1
17498051	0	0	-1
17498074	0	0	-1
17498075	0	0	-1
17498076	0	0	-1
17498099	0	0	-1
17498100	0	0	-1
17498101	0	0	-1
17498124	0	0	-1
17498259	0	0	-1
17498260	0	0	-1
17498261	0	0	-1
17498262	0	0	-1
17498263	0	0	-1
17498264	0	0	-1
17498265	0	0	-1
17498266	0	0	-1
17498267	0	0	-1
17498268	0	0	-1
17498269	0	0	-1
17498270	0	0	-1
17498271	0	0	-1
17498272	0	0	-1
17498273	0	0	-1
17498274	0	0	-1
17498275	0	0	-1
17498276	0	0	-1
17498277	0	0	-1
17498278	0	0	-1
17498279	0	0	-1
17498280	0	0	-1
17498281	0	0	-1
17498282	0	0	-1
17498283	0	0	-1
17498284	0	0	-1
17498285	0	0	-1
17498286	0	0	-1
17498287	0	0	-1
17498288	0	0	-1
17498289	0	0	-1
17498290	0	0	-1
17498291	0	0	-1
17498292	0	0	-1
17498293	0	0	-1
17498294	0	0	-1
17498295	0	0	-1
17498296	0	0	-1
17498297	0	0	-1
17498298	0	0	-1
17498299	0	0	-1
17498300	0	0	-1
17498301	0	0	-1
17498302	0	0	-1
17498303	0	0	-1
17498304	0	0	-1
17498305	0	0	-1
17498306	0	0	-1
17498308	0	0	-1
17498309	0	0	-1
17498310	0	0	-1
17498311	0	0	-1
17498312	0	0	-1
17498313	0	0	-1
17498314	0	0	-1
17498315	0	0	-1
17498316	0	0	-1
17498317	0	0	-1
17498318	0	0	-1
17498319	0	0	-1
17498320	0	0	-1
17498321	0	0	-1
17498322	0	0	-1
17498323	0	0	-1
17498324	0	0	-1
17498330	0	0	-1
17498331	0	0	-1
17498332	0	0	-1
17498333	0	0	-1
17498334	0	0	-1
17498335	0	0	-1
17498336	0	0	-1
17498337	0	0	-1
17498338	0	0	-1
17498339	0	0	-1
17498340	0	0	-1
17498341	0	0	-1
17498342	0	0	-1
17498343	0	0	-1
17498353	0	0	-1
17498354	0	0	-1
17498355	0	0	-1
17498356	0	0	-1
17498357	0	0	-1
17498358	0	0	-1
17498359	0	0	-1
17498360	0	0	-1
17498361	0	0	-1
17498362	0	0	-1
17498363	0	0	-1
17498377	0	0	-1
17498378	0	0	-1
17498379	0	0	-1
17498380	0	0	-1
17498381	0	0	-1
17498382	0	0	-1
17498383	0	0	-1
17498384	0	0	-1
17498385	0	0	-1
17498402	0	0	-1
17498403	0	0	-1
17498404	0	0	-1
17498405	0	0	-1
17498406	0	0	-1
17498424	0	0	-1
17498425	0	0	-1
17498426	0	0	-1
17498427	0	0	-1
17498428	0	0	-1
17498448	0	0	-1
17498449	0	0	-1
17498450	0	0	-1
17498451	0	0	-1
17498452	0	0	-1
17498472	0	0	-1
17498473	0	0	-1
17498474	0	0	-1
17498475	0	0	-1
17498476	0	0	-1
17498477	0	0	-1
17498498	0	0	-1
17498499	0	0	-1
17498500	0	0	-1
17498501	0	0	-1
17498502	0	0	-1
17498503	0	0	-1
17498524	0	0	-1
17498525	0	0	-1
17498526	0	0	-1
17498527	0	0	-1
17498528	0	0	-1
17498529	0	0	-1
17498550	0	0	-1
17498551	0	0	-1
17498552	0	0	-1
17498553	0	0	-1
17498554	0	0	-1
17498555	0	0	-1
17498575	0	0	-1
17498576	0	0	-1
17498577	0	0	-1
17498578	0	0	-1
17498579	0	0	-1
17498580	0	0	-1
17498600	0	0	-1
17498601	0	0	-1
17498602	0	0	-1
17498603	0	0	-1
17498604	0	0	-1
17498605	0	0	-1
17498625	0	0	-1
17498626	0	0	-1
17498627	0	0	-1
17498628	0	0	-1
17498629	0	0	-1
17498630	0	0	-1
17498650	0	0	-1
17498651	0	0	-1
17498652	0	0	-1
17498653	0	0	-1
17498654	0	0	-1
17498655	0	0	-1
17498675	0	0	-1
17498676	0	0	-1
17498677	0	0	-1
17498678	0	0	-1
17498679	0	0	-1
17498699	0	0	-1
17498701	0	0	-1
17498702	0	0	-1
17498703	0	0	-1
17498723	0	0	-1
17498725	0	0	-1
17498726	0	0	-1
17498727	0	0	-1
17498746	0	0	-1
17498748	0	0	-1
17498749	0	0	-1
17498750	0	0	-1
17498771	0	0	-1
17498772	0	0	-1
17498773	0	0	-1
17498794	0	0	-1
17498795	0	0	-1
17498796	0	0	-1
17498817	0	0	-1
17498818	0	0	-1
17498819	0	0	-1
17498839	0	0	-1
17498840	0	0	-1
17498841	0	0	-1
17498861	0	0	-1
17498862	0	0	-1
17498863	0	0	-1
17498864	0	0	-1
17498882	0	0	-1
17498883	0	0	-1
17498884	0	0	-1
17498885	0	0	-1
17498902	0	0	-1
17498903	0	0	-1
17498904	0	0	-1
17498983	0	0	-1
17498984	0	0	-1
17498985	0	0	-1
17498986	0	0	-1
17498987	0	0	-1
17498988	0	0	-1
17498989	0	0	-1
17498990	0	0	-1
17498991	0	0	-1
17498992	0	0	-1
17498993	0	0	-1
17498994	0	0	-1
17498995	0	0	-1
17498996	0	0	-1
17498997	0	0	-1
17498998	0	0	-1
17498999	0	0	-1
17499000	0	0	-1
17499001	0	0	-1
17499002	0	0	-1
17499003	0	0	-1
17499004	0	0	-1
17499005	0	0	-1
17499006	0	0	-1
17499007	0	0	-1
17499008	0	0	-1
17499009	0	0	-1
17499010	0	0	-1
17499011	0	0	-1
17499012	0	0	-1
17499013	0	0	-1
17499014	0	0	-1
17499015	0	0	-1
17499016	0	0	-1
17499017	0	0	-1
17499018	0	0	-1
17499019	0	0	-1
17499020	0	0	-1
17499021	0	0	-1
17499022	0	0	-1
17499023	0	0	-1
17499024	0	0	-1
17499025	0	0	-1
17499026	0	0	-1
17499027	0	0	-1
17499028	0	0	-1
17499029	0	0	-1
17499030	0	0	-1
17499031	0	0	-1
17499032	0	0	-1
17499033	0	0	-1
17499034	0	0	-1
17499035	0	0	-1
17499036	0	0	-1
17499037	0	0	-1
17499038	0	0	-1
17499039	0	0	-1
17499040	0	0	-1
17499044	0	0	-1
17499045	0	0	-1
17499046	0	0	-1
17499047	0	0	-1
17499048	0	0	-1
17499049	0	0	-1
17499050	0	0	-1
17499051	0	0	-1
17499052	0	0	-1
17499053	0	0	-1
17499054	0	0	-1
17499055	0	0	-1
17499056	0	0	-1
17499057	0	0	-1
17499058	0	0	-1
17499059	0	0	-1
17499060	0	0	-1
17499067	0	0	-1
17499068	0	0	-1
17499069	0	0	-1
17499070	0	0	-1
17499071	0	0	-1
17499072	0	0	-1
17499073	0	0	-1
17499074	0	0	-1
17499075	0	0	-1
17499076	0	0	-1
17499077	0	0	-1
17499078	0	0	-1
17499079	0	0	-1
17499080	0	0	-1
17499091	0	0	-1
17499092	0	0	-1
17499093	0	0	-1
17499094	0	0	-1
17499095	0	0	-1
17499096	0	0	-1
17499097	0	0	-1
17499098	0	0	-1
17499099	0	0	-1
17499100	0	0	-1
17499115	0	0	-1
17499116	0	0	-1
17499117	0	0	-1
17499118	0	0	-1
17499119	0	0	-1
17499120	0	0	-1
17499121	0	0	-1
17499122	0	0	-1
17499140	0	0	-1
17499141	0	0	-1
17499142	0	0	-1
17499143	0	0	-1
17499144	0	0	-1
17499162	0	0	-1
17499163	0	0	-1
17499164	0	0	-1
17499165	0	0	-1
17499166	0	0	-1
17499184	0	0	-1
17499185	0	0	-1
17499186	0	0	-1
17499187	0	0	-1
17499188	0	0	-1
17499206	0	0	-1
17499207	0	0	-1
17499208	0	0	-1
17499209	0	0	-1
17499210	0	0	-1
17499227	0	0	-1
17499228	0	0	-1
17499229	0	0	-1
17499230	0	0	-1
17499231	0	0	-1
17499248	0	0	-1
17499249	0	0	-1
17499250	0	0	-1
17499251	0	0	-1
17499252	0	0	-1
17499269	0	0	-1
17499270	0	0	-1
17499271	0	0	-1
17499272	0	0	-1
17499273	0	0	-1
17499274	0	0	-1
17499291	0	0	-1
17499292	0	0	-1
17499293	0	0	-1
17499294	0	0	-1
17499295	0	0	-1
17499296	0	0	-1
17499312	0	0	-1
17499313	0	0	-1
17499314	0	0	-1
17499315	0	0	-1
17499316	0	0	-1
17499317	0	0	-1
17499333	0	0	-1
17499334	0	0	-1
17499335	0	0	-1
17499336	0	0	-1
17499337	0	0	-1
17499338	0	0	-1
17499354	0	0	-1
17499355	0	0	-1
17499356	0	0	-1
17499357	0	0	-1
17499358	0	0	-1
17499359	0	0	-1
17499373	0	0	-1
17499374	0	0	-1
17499375	0	0	-1
17499377	0	0	-1
17499378	0	0	-1
17499379	0	0	-1
17499393	0	0	-1
17499394	0	0	-1
17499395	0	0	-1
17499397	0	0	-1
17499398	0	0	-1
17499399	0	0	-1
17499412	0	0	-1
17499413	0	0	-1
17499414	0	0	-1
17499417	0	0	-1
17499418	0	0	-1
17499419	0	0	-1
17499430	0	0	-1
17499431	0	0	-1
17499432	0	0	-1
17499433	0	0	-1
17499437	0	0	-1
17499438	0	0	-1
17499439	0	0	-1
17499445	0	0	-1
17499446	0	0	-1
17499447	0	0	-1
17499448	0	0	-1
17499449	0	0	-1
17499450	0	0	-1
17499451	0	0	-1
17499456	0	0	-1
17499457	0	0	-1
17499458	0	0	-1
17499459	0	0	-1
17499460	0	0	-1
17499461	0	0	-1
17499462	0	0	-1
17499463	0	0	-1
17499464	0	0	-1
17499465	0	0	-1
17499466	0	0	-1
17499467	0	0	-1
17499468	0	0	-1
17499469	0	0	-1
17499474	0	0	-1
17499475	0	0	-1
17499476	0	0	-1
17499477	0	0	-1
17499478	0	0	-1
17499479	0	0	-1
17499480	0	0	-1
17499481	0	0	-1
17499482	0	0	-1
17499483	0	0	-1
17499484	0	0	-1
17499491	0	0	-1
17499492	0	0	-1
17499493	0	0	-1
17499494	0	0	-1
17499495	0	0	-1
17499496	0	0	-1
17499497	0	0	-1
17499498	0	0	-1
17499515	0	0	-1
17499516	0	0	-1
17499517	0	0	-1
17499518	0	0	-1
17499519	0	0	-1
17499520	0	0	-1
17499521	0	0	-1
17499522	0	0	-1
17499523	0	0	-1
17499524	0	0	-1
17499525	0	0	-1
17499526	0	0	-1
17499527	0	0	-1
17499528	0	0	-1
17499529	0	0	-1
17499530	0	0	-1
17499531	0	0	-1
17499532	0	0	-1
17499533	0	0	-1
17499534	0	0	-1
17499535	0	0	-1
17499536	0	0	-1
17499537	0	0	-1
17499538	0	0	-1
17499539	0	0	-1
17499540	0	0	-1
17499541	0	0	-1
17499542	0	0	-1
17499543	0	0	-1
17499544	0	0	-1
17499545	0	0	-1
17499546	0	0	-1
17499547	0	0	-1
17499548	0	0	-1
17499549	0	0	-1
17499550	0	0	-1
17499551	0	0	-1
17499552	0	0	-1
17499553	0	0	-1
17499554	0	0	-1
17499555	0	0	-1
17499556	0	0	-1
17499557	0	0	-1
17499558	0	0	-1
17499559	0	0	-1
17499561	0	0	-1
17499562	0	0	-1
17499563	0	0	-1
17499564	0	0	-1
17499565	0	0	-1
17499566	0	0	-1
17499567	0	0	-1
17499568	0	0	-1
17499569	0	0	-1
17499570	0	0	-1
17499571	0	0	-1
17499572	0	0	-1
17499573	0	0	-1
17499574	0	0	-1
17499575	0	0	-1
17499576	0	0	-1
17499577	0	0	-1
17499583	0	0	-1
17499584	0	0	-1
17499585	0	0	-1
17499586	0	0	-1
17499587	0	0	-1
17499588	0	0	-1
17499589	0	0	-1
17499590	0	0	-1
17499591	0	0	-1
17499592	0	0	-1
17499593	0	0	-1
17499594	0	0	-1
17499595	0	0	-1
17499596	0	0	-1
17499604	0	0	-1
17499605	0	0	-1
17499606	0	0	-1
17499607	0	0	-1
17499608	0	0	-1
17499609	0	0	-1
17499610	0	0	-1
17499611	0	0	-1
17499612	0	0	-1
17499613	0	0	-1
17499614	0	0	-1
17499615	0	0	-1
17499624	0	0	-1
17499625	0	0	-1
17499626	0	0	-1
17499627	0	0	-1
17499628	0	0	-1
17499629	0	0	-1
17499630	0	0	-1
17499631	0	0	-1
17499632	0	0	-1
17499633	0	0	-1
17499634	0	0	-1
17499643	0	0	-1
17499644	0	0	-1
17499645	0	0	-1
17499646	0	0	-1
17499647	0	0	-1
17499648	0	0	-1
17499649	0	0	-1
17499650	0	0	-1
17499651	0	0	-1
17499652	0	0	-1
17499653	0	0	-1
17499662	0	0	-1
17499663	0	0	-1
17499664	0	0	-1
17499665	0	0	-1
17499666	0	0	-1
17499667	0	0	-1
17499668	0	0	-1
17499669	0	0	-1
17499670	0	0	-1
17499671	0	0	-1
17499672	0	0	-1
17499679	0	0	-1
17499680	0	0	-1
17499681	0	0	-1
17499682	0	0	-1
17499683	0	0	-1
17499684	0	0	-1
17499685	0	0	-1
17499686	0	0	-1
17499687	0	0	-1
17499688	0	0	-1
17499689	0	0	-1
17499690	0	0	-1
17499697	0	0	-1
17499698	0	0	-1
17499699	0	0	-1
17499700	0	0	-1
17499701	0	0	-1
17499702	0	0	-1
17499703	0	0	-1
17499704	0	0	-1
17499705	0	0	-1
17499706	0	0	-1
17499707	0	0	-1
17499708	0	0	-1
17499715	0	0	-1
17499716	0	0	-1
17499717	0	0	-1
17499718	0	0	-1
17499719	0	0	-1
17499720	0	0	-1
17499721	0	0	-1
17499722	0	0	-1
17499723	0	0	-1
17499724	0	0	-1
17499725	0	0	-1
17499726	0	0	-1
17499731	0	0	-1
17499732	0	0	-1
17499733	0	0	-1
17499734	0	0	-1
17499735	0	0	-1
17499736	0	0	-1
17499737	0	0	-1
17499738	0	0	-1
17499739	0	0	-1
17499740	0	0	-1
17499741	0	0	-1
17499742	0	0	-1
17499743	0	0	-1
17499744	0	0	-1
17499746	0	0	-1
17499747	0	0	-1
17499748	0	0	-1
17499749	0	0	-1
17499750	0	0	-1
17499751	0	0	-1
17499752	0	0	-1
17499753	0	0	-1
17499754	0	0	-1
17499755	0	0	-1
17499756	0	0	-1
17499757	0	0	-1
17499758	0	0	-1
17499759	0	0	-1
17499760	0	0	-1
17499761	0	0	-1
17499762	0	0	-1
17499763	0	0	-1
17499764	0	0	-1
17499765	0	0	-1
17499766	0	0	-1
17499767	0	0	-1
17499768	0	0	-1
17499769	0	0	-1
17499770	0	0	-1
17499771	0	0	-1
17499772	0	0	-1
17499773	0	0	-1
17499774	0	0	-1
17499775	0	0	-1
17499776	0	0	-1
17499777	0	0	-1
17499778	0	0	-1
17499779	0	0	-1
17499780	0	0	-1
17499781	0	0	-1
17499782	0	0	-1
17499783	0	0	-1
17499784	0	0	-1
17499785	0	0	-1
17499786	0	0	-1
17499787	0	0	-1
17499788	0	0	-1
17499789	0	0	-1
17499790	0	0	-1
17499791	0	0	-1
17499792	0	0	-1
17499793	0	0	-1
17499794	0	0	-1
17499795	0	0	-1
17499796	0	0	-1
17499797	0	0	-1
17499798	0	0	-1
17499799	0	0	-1
17499800	0	0	-1
17499801	0	0	-1
17499802	0	0	-1
17499803	0	0	-1
17499804	0	0	-1
17499805	0	0	-1
17499806	0	0	-1
17499807	0	0	-1
17499808	0	0	-1
17499809	0	0	-1
17499810	0	0	-1
17499811	0	0	-1
17499812	0	0	-1
17499813	0	0	-1
17499814	0	0	-1
17499815	0	0	-1
17499816	0	0	-1
17499817	0	0	-1
17499818	0	0	-1
17499819	0	0	-1
17499820	0	0	-1
17499821	0	0	-1
17499822	0	0	-1
17499823	0	0	-1
17499824	0	0	-1
17499825	0	0	-1
17499826	0	0	-1
17499827	0	0	-1
17499828	0	0	-1
17499829	0	0	-1
17499830	0	0	-1
17499831	0	0	-1
17499832	0	0	-1
17499833	0	0	-1
17499834	0	0	-1
17499835	0	0	-1
17499836	0	0	-1
17499837	0	0	-1
17499838	0	0	-1
17499839	0	0	-1
17499840	0	0	-1
17499841	0	0	-1
17499842	0	0	-1
17499843	0	0	-1
17499844	0	0	-1
17499845	0	0	-1
17499846	0	0	-1
17499847	0	0	-1
17499848	0	0	-1
17499849	0	0	-1
17499850	0	0	-1
17499851	0	0	-1
17499852	0	0	-1
17499853	0	0	-1
17499854	0	0	-1
17499855	0	0	-1
17499856	0	0	-1
17499857	0	0	-1
17499858	0	0	-1
17499859	0	0	-1
17499860	0	0	-1
17499861	0	0	-1
17499862	0	0	-1
17499863	0	0	-1
17499864	0	0	-1
17499865	0	0	-1
17499866	0	0	-1
17499867	0	0	-1
17499868	0	0	-1
17499869	0	0	-1
17499870	0	0	-1
17499871	0	0	-1
17499872	0	0	-1
17499873	0	0	-1
17499874	0	0	-1
17499875	0	0	-1
17499876	0	0	-1
17499877	0	0	-1
17499878	0	0	-1
17499879	0	0	-1
17499880	0	0	-1
17499881	0	0	-1
17499882	0	0	-1
17499883	0	0	-1
17499884	0	0	-1
17499885	0	0	-1
17499886	0	0	-1
17499887	0	0	-1
17499888	0	0	-1
17499889	0	0	-1
17499890	0	0	-1
17499891	0	0	-1
17499892	0	0	-1
17499893	0	0	-1
17499894	0	0	-1
17499895	0	0	-1
17499896	0	0	-1
17499897	0	0	-1
17499898	0	0	-1
17499899	0	0	-1
17499900	0	0	-1
17499901	0	0	-1
17499902	0	0	-1
17499903	0	0	-1
17499904	0	0	-1
17499905	0	0	-1
17499906	0	0	-1
17499907	0	0	-1
17499908	0	0	-1
17499909	0	0	-1
17499910	0	0	-1
17499911	0	0	-1
17499912	0	0	-1
17499913	0	0	-1
17499914	0	0	-1
17499915	0	0	-1
17499916	0	0	-1
17499917	0	0	-1
17499918	0	0	-1
17499919	0	0	-1
17499920	0	0	-1
17499921	0	0	-1
17499922	0	0	-1
17499923	0	0	-1
17499924	0	0	-1
17499925	0	0	-1
17499926	0	0	-1
17499927	0	0	-1
17499928	0	0	-1
17499929	0	0	-1
17499930	0	0	-1
17499931	0	0	-1
17499932	0	0	-1
17499933	0	0	-1
17499934	0	0	-1
17499935	0	0	-1
17499936	0	0	-1
17499937	0	0	-1
17499938	0	0	-1
17499939	0	0	-1
17499940	0	0	-1
17499941	0	0	-1
17499942	0	0	-1
17499943	0	0	-1
17499944	0	0	-1
17499945	0	0	-1
17499946	0	0	-1
17499947	0	0	-1
17499948	0	0	-1
17499949	0	0	-1
17499950	0	0	-1
17499951	0	0	-1
17499952	0	0	-1
17499953	0	0	-1
17499954	0	0	-1
17499955	0	0	-1
17499956	0	0	-1
17499957	0	0	-1
17499958	0	0	-1
17499959	0	0	-1
17499960	0	0	-1
17499961	0	0	-1
17499962	0	0	-1
17499963	0	0	-1
16483503	0	0	-1
16483541	0	0	-1
16483580	0	0	-1
16483619	0	0	-1
16520926	0	0	-1
16520961	0	0	-1
16520996	0	0	-1
16521032	0	0	-1
16521068	0	0	-1
16521104	0	0	-1
16521141	0	0	-1
16521179	0	0	-1
16521217	0	0	-1
16521255	0	0	-1
16557738	0	0	-1
16557771	0	0	-1
16557804	0	0	-1
16557805	0	0	-1
16557838	0	0	-1
16557839	0	0	-1
16557873	0	0	-1
16557874	0	0	-1
16557908	0	0	-1
16557909	0	0	-1
16557943	0	0	-1
16557944	0	0	-1
16557979	0	0	-1
16558015	0	0	-1
16558051	0	0	-1
16558087	0	0	-1
16558088	0	0	-1
16558125	0	0	-1
16558162	0	0	-1
16558199	0	0	-1
16593783	0	0	-1
16593813	0	0	-1
16593814	0	0	-1
16593844	0	0	-1
16593876	0	0	-1
16593908	0	0	-1
16593940	0	0	-1
16593972	0	0	-1
16594004	0	0	-1
16594037	0	0	-1
16594038	0	0	-1
16594071	0	0	-1
16594072	0	0	-1
16594105	0	0	-1
16594106	0	0	-1
16594139	0	0	-1
16594140	0	0	-1
16594173	0	0	-1
16594207	0	0	-1
16594242	0	0	-1
16594277	0	0	-1
16594312	0	0	-1
16629050	0	0	-1
16629077	0	0	-1
16629078	0	0	-1
16629105	0	0	-1
16629106	0	0	-1
16629134	0	0	-1
16629135	0	0	-1
16629164	0	0	-1
16629165	0	0	-1
16629194	0	0	-1
16629195	0	0	-1
16629224	0	0	-1
16629225	0	0	-1
16629255	0	0	-1
16629256	0	0	-1
16629286	0	0	-1
16629287	0	0	-1
16629317	0	0	-1
16629318	0	0	-1
16629348	0	0	-1
16629379	0	0	-1
16629411	0	0	-1
16629443	0	0	-1
16629444	0	0	-1
16629476	0	0	-1
16629477	0	0	-1
16629509	0	0	-1
16629510	0	0	-1
16629542	0	0	-1
16629543	0	0	-1
16629575	0	0	-1
16629576	0	0	-1
16629608	0	0	-1
16629609	0	0	-1
16629642	0	0	-1
16629675	0	0	-1
16663470	0	0	-1
16663494	0	0	-1
16663495	0	0	-1
16663518	0	0	-1
16663519	0	0	-1
16663544	0	0	-1
16663545	0	0	-1
16663570	0	0	-1
16663571	0	0	-1
16663572	0	0	-1
16663597	0	0	-1
16663598	0	0	-1
16663599	0	0	-1
16663625	0	0	-1
16663626	0	0	-1
16663627	0	0	-1
16663653	0	0	-1
16663654	0	0	-1
16663678	0	0	-1
16663681	0	0	-1
16663682	0	0	-1
16663709	0	0	-1
16663710	0	0	-1
16663738	0	0	-1
16663739	0	0	-1
16663764	0	0	-1
16663767	0	0	-1
16663768	0	0	-1
16663769	0	0	-1
16663794	0	0	-1
16663797	0	0	-1
16663798	0	0	-1
16663799	0	0	-1
16663824	0	0	-1
16663827	0	0	-1
16663828	0	0	-1
16663829	0	0	-1
16663854	0	0	-1
16663857	0	0	-1
16663858	0	0	-1
16663859	0	0	-1
16663887	0	0	-1
16663888	0	0	-1
16663889	0	0	-1
16663917	0	0	-1
16663918	0	0	-1
16663919	0	0	-1
16663947	0	0	-1
16663948	0	0	-1
16663949	0	0	-1
16663977	0	0	-1
16663978	0	0	-1
16663979	0	0	-1
16664008	0	0	-1
16664009	0	0	-1
16664010	0	0	-1
16664039	0	0	-1
16664040	0	0	-1
16664041	0	0	-1
16664070	0	0	-1
16664071	0	0	-1
16664101	0	0	-1
16664102	0	0	-1
16664133	0	0	-1
16664134	0	0	-1
16664164	0	0	-1
16696822	0	0	-1
16696842	0	0	-1
16696843	0	0	-1
16696863	0	0	-1
16696864	0	0	-1
16696865	0	0	-1
16696882	0	0	-1
16696885	0	0	-1
16696886	0	0	-1
16696887	0	0	-1
16696904	0	0	-1
16696905	0	0	-1
16696908	0	0	-1
16696909	0	0	-1
16696928	0	0	-1
16696929	0	0	-1
16696931	0	0	-1
16696932	0	0	-1
16696951	0	0	-1
16696952	0	0	-1
16696955	0	0	-1
16696956	0	0	-1
16696976	0	0	-1
16696977	0	0	-1
16696979	0	0	-1
16696980	0	0	-1
16696981	0	0	-1
16697001	0	0	-1
16697002	0	0	-1
16697003	0	0	-1
16697004	0	0	-1
16697005	0	0	-1
16697006	0	0	-1
16697026	0	0	-1
16697027	0	0	-1
16697028	0	0	-1
16697030	0	0	-1
16697031	0	0	-1
16697032	0	0	-1
16697053	0	0	-1
16697054	0	0	-1
16697056	0	0	-1
16697057	0	0	-1
16697058	0	0	-1
16697079	0	0	-1
16697080	0	0	-1
16697081	0	0	-1
16697082	0	0	-1
16697083	0	0	-1
16697084	0	0	-1
16697105	0	0	-1
16697106	0	0	-1
16697107	0	0	-1
16697108	0	0	-1
16697109	0	0	-1
16697110	0	0	-1
16697131	0	0	-1
16697132	0	0	-1
16697133	0	0	-1
16697134	0	0	-1
16697135	0	0	-1
16697157	0	0	-1
16697158	0	0	-1
16697159	0	0	-1
16697160	0	0	-1
16697161	0	0	-1
16697183	0	0	-1
16697184	0	0	-1
16697185	0	0	-1
16697187	0	0	-1
16697188	0	0	-1
16697210	0	0	-1
16697211	0	0	-1
16697212	0	0	-1
16697214	0	0	-1
16697215	0	0	-1
16697237	0	0	-1
16697238	0	0	-1
16697239	0	0	-1
16697241	0	0	-1
16697242	0	0	-1
16697264	0	0	-1
16697265	0	0	-1
16697266	0	0	-1
16697268	0	0	-1
16697269	0	0	-1
16697291	0	0	-1
16697292	0	0	-1
16697293	0	0	-1
16697295	0	0	-1
16697296	0	0	-1
16697318	0	0	-1
16697319	0	0	-1
16697322	0	0	-1
16697323	0	0	-1
16697345	0	0	-1
16697346	0	0	-1
16697349	0	0	-1
16697350	0	0	-1
16697351	0	0	-1
16697373	0	0	-1
16697374	0	0	-1
16697377	0	0	-1
16697378	0	0	-1
16697379	0	0	-1
16697400	0	0	-1
16697401	0	0	-1
16697404	0	0	-1
16697405	0	0	-1
16697406	0	0	-1
16697427	0	0	-1
16697431	0	0	-1
16697432	0	0	-1
16697433	0	0	-1
16697454	0	0	-1
16697458	0	0	-1
16697459	0	0	-1
16697484	0	0	-1
16697485	0	0	-1
16697486	0	0	-1
16697511	0	0	-1
16729191	0	0	-1
16729192	0	0	-1
16729200	0	0	-1
16729201	0	0	-1
16729205	0	0	-1
16729206	0	0	-1
16729207	0	0	-1
16729218	0	0	-1
16729219	0	0	-1
16729222	0	0	-1
16729223	0	0	-1
16729235	0	0	-1
16729236	0	0	-1
16729237	0	0	-1
16729238	0	0	-1
16729240	0	0	-1
16729241	0	0	-1
16729254	0	0	-1
16729255	0	0	-1
16729256	0	0	-1
16729257	0	0	-1
16729258	0	0	-1
16729259	0	0	-1
16729260	0	0	-1
16729274	0	0	-1
16729275	0	0	-1
16729276	0	0	-1
16729277	0	0	-1
16729278	0	0	-1
16729279	0	0	-1
16729280	0	0	-1
16729294	0	0	-1
16729295	0	0	-1
16729296	0	0	-1
16729297	0	0	-1
16729298	0	0	-1
16729299	0	0	-1
16729300	0	0	-1
16729315	0	0	-1
16729316	0	0	-1
16729317	0	0	-1
16729318	0	0	-1
16729319	0	0	-1
16729320	0	0	-1
16729336	0	0	-1
16729337	0	0	-1
16729338	0	0	-1
16729339	0	0	-1
16729340	0	0	-1
16729341	0	0	-1
16729358	0	0	-1
16729359	0	0	-1
16729360	0	0	-1
16729361	0	0	-1
16729362	0	0	-1
16729380	0	0	-1
16729381	0	0	-1
16729382	0	0	-1
16729383	0	0	-1
16729384	0	0	-1
16729402	0	0	-1
16729403	0	0	-1
16729404	0	0	-1
16729405	0	0	-1
16729406	0	0	-1
16729424	0	0	-1
16729425	0	0	-1
16729426	0	0	-1
16729427	0	0	-1
16729428	0	0	-1
16729446	0	0	-1
16729447	0	0	-1
16729448	0	0	-1
16729449	0	0	-1
16729450	0	0	-1
16729451	0	0	-1
16729469	0	0	-1
16729470	0	0	-1
16729471	0	0	-1
16729472	0	0	-1
16729473	0	0	-1
16729474	0	0	-1
16729492	0	0	-1
16729493	0	0	-1
16729494	0	0	-1
16729495	0	0	-1
16729496	0	0	-1
16729497	0	0	-1
16729515	0	0	-1
16729516	0	0	-1
16729517	0	0	-1
16729518	0	0	-1
16729519	0	0	-1
16729520	0	0	-1
16729538	0	0	-1
16729539	0	0	-1
16729540	0	0	-1
16729541	0	0	-1
16729542	0	0	-1
16729543	0	0	-1
16729561	0	0	-1
16729562	0	0	-1
16729563	0	0	-1
16729564	0	0	-1
16729565	0	0	-1
16729566	0	0	-1
16729584	0	0	-1
16729585	0	0	-1
16729586	0	0	-1
16729587	0	0	-1
16729588	0	0	-1
16729589	0	0	-1
16729607	0	0	-1
16729608	0	0	-1
16729609	0	0	-1
16729610	0	0	-1
16729611	0	0	-1
16729612	0	0	-1
16729630	0	0	-1
16729631	0	0	-1
16729632	0	0	-1
16729633	0	0	-1
16729634	0	0	-1
16729635	0	0	-1
16729652	0	0	-1
16729653	0	0	-1
16729654	0	0	-1
16729655	0	0	-1
16729656	0	0	-1
16729657	0	0	-1
16729658	0	0	-1
16729675	0	0	-1
16729676	0	0	-1
16729677	0	0	-1
16729678	0	0	-1
16729679	0	0	-1
16729680	0	0	-1
16729681	0	0	-1
16729697	0	0	-1
16729698	0	0	-1
16729699	0	0	-1
16729700	0	0	-1
16729701	0	0	-1
16729702	0	0	-1
16729703	0	0	-1
16729704	0	0	-1
16729720	0	0	-1
16729721	0	0	-1
16729722	0	0	-1
16729723	0	0	-1
16729724	0	0	-1
16729725	0	0	-1
16729726	0	0	-1
16729741	0	0	-1
16729742	0	0	-1
16729743	0	0	-1
16729744	0	0	-1
16729745	0	0	-1
16729746	0	0	-1
16729747	0	0	-1
16729748	0	0	-1
16729763	0	0	-1
16729764	0	0	-1
16729765	0	0	-1
16729766	0	0	-1
16729768	0	0	-1
16729769	0	0	-1
16729770	0	0	-1
16729785	0	0	-1
16729786	0	0	-1
16729787	0	0	-1
16729790	0	0	-1
16729791	0	0	-1
16729805	0	0	-1
16729806	0	0	-1
16729807	0	0	-1
16729811	0	0	-1
16729812	0	0	-1
16729825	0	0	-1
16760691	0	0	-1
16760692	0	0	-1
16760693	0	0	-1
16760694	0	0	-1
16760695	0	0	-1
16760696	0	0	-1
16760697	0	0	-1
16760698	0	0	-1
16760699	0	0	-1
16760700	0	0	-1
16760701	0	0	-1
16760703	0	0	-1
16760704	0	0	-1
16760705	0	0	-1
16760706	0	0	-1
16760707	0	0	-1
16760708	0	0	-1
16760709	0	0	-1
16760710	0	0	-1
16760711	0	0	-1
16760712	0	0	-1
16760713	0	0	-1
16760714	0	0	-1
16760715	0	0	-1
16760716	0	0	-1
16760717	0	0	-1
16760718	0	0	-1
16760719	0	0	-1
16760720	0	0	-1
16760721	0	0	-1
16760722	0	0	-1
16760723	0	0	-1
16760724	0	0	-1
16760725	0	0	-1
16760726	0	0	-1
16760727	0	0	-1
16760728	0	0	-1
16760729	0	0	-1
16760730	0	0	-1
16760731	0	0	-1
16760732	0	0	-1
16760733	0	0	-1
16760734	0	0	-1
16760735	0	0	-1
16760736	0	0	-1
16760740	0	0	-1
16760741	0	0	-1
16760742	0	0	-1
16760743	0	0	-1
16760744	0	0	-1
16760745	0	0	-1
16760746	0	0	-1
16760747	0	0	-1
16760748	0	0	-1
16760749	0	0	-1
16760755	0	0	-1
16760756	0	0	-1
16760757	0	0	-1
16760758	0	0	-1
16760759	0	0	-1
16760760	0	0	-1
16760761	0	0	-1
16760762	0	0	-1
16760763	0	0	-1
16760771	0	0	-1
16760772	0	0	-1
16760773	0	0	-1
16760774	0	0	-1
16760775	0	0	-1
16760776	0	0	-1
16760777	0	0	-1
16760778	0	0	-1
16760788	0	0	-1
16760789	0	0	-1
16760790	0	0	-1
16760791	0	0	-1
16760792	0	0	-1
16760793	0	0	-1
16760794	0	0	-1
16760795	0	0	-1
16760806	0	0	-1
16760807	0	0	-1
16760808	0	0	-1
16760809	0	0	-1
16760810	0	0	-1
16760811	0	0	-1
16760812	0	0	-1
16760813	0	0	-1
16760824	0	0	-1
16760825	0	0	-1
16760826	0	0	-1
16760827	0	0	-1
16760828	0	0	-1
16760829	0	0	-1
16760830	0	0	-1
16760831	0	0	-1
16760844	0	0	-1
16760845	0	0	-1
16760846	0	0	-1
16760847	0	0	-1
16760848	0	0	-1
16760849	0	0	-1
16760850	0	0	-1
16760863	0	0	-1
16760864	0	0	-1
16760865	0	0	-1
16760866	0	0	-1
16760867	0	0	-1
16760868	0	0	-1
16760869	0	0	-1
16760882	0	0	-1
16760883	0	0	-1
16760884	0	0	-1
16760885	0	0	-1
16760886	0	0	-1
16760887	0	0	-1
16760888	0	0	-1
16760901	0	0	-1
16760902	0	0	-1
16760903	0	0	-1
16760904	0	0	-1
16760905	0	0	-1
16760906	0	0	-1
16760907	0	0	-1
16760920	0	0	-1
16760921	0	0	-1
16760922	0	0	-1
16760923	0	0	-1
16760924	0	0	-1
16760925	0	0	-1
16760926	0	0	-1
16760939	0	0	-1
16760940	0	0	-1
16760941	0	0	-1
16760942	0	0	-1
16760943	0	0	-1
16760944	0	0	-1
16760945	0	0	-1
16760958	0	0	-1
16760959	0	0	-1
16760960	0	0	-1
16760961	0	0	-1
16760962	0	0	-1
16760963	0	0	-1
16760964	0	0	-1
16760977	0	0	-1
16760978	0	0	-1
16760979	0	0	-1
16760980	0	0	-1
16760981	0	0	-1
16760982	0	0	-1
16760983	0	0	-1
16760996	0	0	-1
16760997	0	0	-1
16760998	0	0	-1
16760999	0	0	-1
16761000	0	0	-1
16761001	0	0	-1
16761002	0	0	-1
16761015	0	0	-1
16761016	0	0	-1
16761017	0	0	-1
16761018	0	0	-1
16761019	0	0	-1
16761020	0	0	-1
16761021	0	0	-1
16761034	0	0	-1
16761035	0	0	-1
16761036	0	0	-1
16761037	0	0	-1
16761038	0	0	-1
16761039	0	0	-1
16761040	0	0	-1
16761052	0	0	-1
16761053	0	0	-1
16761054	0	0	-1
16761055	0	0	-1
16761056	0	0	-1
16761057	0	0	-1
16761058	0	0	-1
16761059	0	0	-1
16761071	0	0	-1
16761072	0	0	-1
16761073	0	0	-1
16761074	0	0	-1
16761075	0	0	-1
16761076	0	0	-1
16761077	0	0	-1
16761078	0	0	-1
16761079	0	0	-1
16761089	0	0	-1
16761090	0	0	-1
16761091	0	0	-1
16761092	0	0	-1
16761093	0	0	-1
16761094	0	0	-1
16761095	0	0	-1
16761096	0	0	-1
16761097	0	0	-1
16761098	0	0	-1
16761107	0	0	-1
16761108	0	0	-1
16761109	0	0	-1
16761110	0	0	-1
16761111	0	0	-1
16761112	0	0	-1
16761113	0	0	-1
16761114	0	0	-1
16761115	0	0	-1
16761116	0	0	-1
16761117	0	0	-1
16761124	0	0	-1
16761125	0	0	-1
16761126	0	0	-1
16761127	0	0	-1
16761128	0	0	-1
16761129	0	0	-1
16761130	0	0	-1
16761131	0	0	-1
16761132	0	0	-1
16761133	0	0	-1
16761134	0	0	-1
16761135	0	0	-1
16761136	0	0	-1
16761141	0	0	-1
16761142	0	0	-1
16761143	0	0	-1
16761144	0	0	-1
16761145	0	0	-1
16761146	0	0	-1
16761147	0	0	-1
16761148	0	0	-1
16761149	0	0	-1
16761150	0	0	-1
16761151	0	0	-1
16761152	0	0	-1
16761153	0	0	-1
16761154	0	0	-1
16761157	0	0	-1
16761158	0	0	-1
16761159	0	0	-1
16761160	0	0	-1
16761161	0	0	-1
16761162	0	0	-1
16761163	0	0	-1
16761164	0	0	-1
16761165	0	0	-1
16761166	0	0	-1
16761167	0	0	-1
16761168	0	0	-1
16761169	0	0	-1
16761170	0	0	-1
16761171	0	0	-1
16761172	0	0	-1
16761173	0	0	-1
16761174	0	0	-1
16761175	0	0	-1
16761176	0	0	-1
16761177	0	0	-1
16761178	0	0	-1
16761179	0	0	-1
16761180	0	0	-1
16761181	0	0	-1
16761182	0	0	-1
16761183	0	0	-1
16761184	0	0	-1
16761185	0	0	-1
16761186	0	0	-1
16761187	0	0	-1
16761188	0	0	-1
16761189	0	0	-1
16761190	0	0	-1
16761191	0	0	-1
16761192	0	0	-1
16761193	0	0	-1
16761194	0	0	-1
16761195	0	0	-1
16761196	0	0	-1
16761197	0	0	-1
16761198	0	0	-1
16761199	0	0	-1
16761200	0	0	-1
16761201	0	0	-1
16761202	0	0	-1
16761203	0	0	-1
16761204	0	0	-1
16761205	0	0	-1
16761206	0	0	-1
16761207	0	0	-1
16761208	0	0	-1
16761209	0	0	-1
16761211	0	0	-1
16761212	0	0	-1
16761213	0	0	-1
16761214	0	0	-1
16761215	0	0	-1
16761216	0	0	-1
16761217	0	0	-1
16761218	0	0	-1
16761219	0	0	-1
16761220	0	0	-1
16761221	0	0	-1
16791348	0	0	-1
16791349	0	0	-1
16791350	0	0	-1
16791351	0	0	-1
16791352	0	0	-1
16791353	0	0	-1
16791354	0	0	-1
16791355	0	0	-1
16791356	0	0	-1
16791357	0	0	-1
16791358	0	0	-1
16791359	0	0	-1
16791360	0	0	-1
16791361	0	0	-1
16791362	0	0	-1
16791363	0	0	-1
16791364	0	0	-1
16791365	0	0	-1
16791366	0	0	-1
16791367	0	0	-1
16791368	0	0	-1
16791369	0	0	-1
16791370	0	0	-1
16791371	0	0	-1
16791372	0	0	-1
16791373	0	0	-1
16791374	0	0	-1
16791375	0	0	-1
16791376	0	0	-1
16791377	0	0	-1
16791378	0	0	-1
16791379	0	0	-1
16791380	0	0	-1
16791381	0	0	-1
16791382	0	0	-1
16791383	0	0	-1
16791384	0	0	-1
16791385	0	0	-1
16791386	0	0	-1
16791387	0	0	-1
16791388	0	0	-1
16791389	0	0	-1
16791390	0	0	-1
16791391	0	0	-1
16791392	0	0	-1
16791393	0	0	-1
16791394	0	0	-1
16791395	0	0	-1
16791396	0	0	-1
16791397	0	0	-1
16791398	0	0	-1
16791399	0	0	-1
16791400	0	0	-1
16791401	0	0	-1
16791402	0	0	-1
16791403	0	0	-1
16791404	0	0	-1
16791405	0	0	-1
16791406	0	0	-1
16791407	0	0	-1
16791408	0	0	-1
16791409	0	0	-1
16791410	0	0	-1
16791411	0	0	-1
16791412	0	0	-1
16791413	0	0	-1
16791414	0	0	-1
16791415	0	0	-1
16791416	0	0	-1
16791417	0	0	-1
16791418	0	0	-1
16791419	0	0	-1
16791420	0	0	-1
16791421	0	0	-1
16791422	0	0	-1
16791423	0	0	-1
16791424	0	0	-1
16791425	0	0	-1
16791426	0	0	-1
16791427	0	0	-1
16791428	0	0	-1
16791429	0	0	-1
16791430	0	0	-1
16791431	0	0	-1
16791432	0	0	-1
16791433	0	0	-1
16791434	0	0	-1
16791435	0	0	-1
16791436	0	0	-1
16791437	0	0	-1
16791438	0	0	-1
16791439	0	0	-1
16791440	0	0	-1
16791441	0	0	-1
16791442	0	0	-1
16791443	0	0	-1
16791444	0	0	-1
16791445	0	0	-1
16791446	0	0	-1
16791447	0	0	-1
16791448	0	0	-1
16791449	0	0	-1
16791450	0	0	-1
16791451	0	0	-1
16791452	0	0	-1
16791453	0	0	-1
16791454	0	0	-1
16791455	0	0	-1
16791456	0	0	-1
16791457	0	0	-1
16791458	0	0	-1
16791459	0	0	-1
16791460	0	0	-1
16791461	0	0	-1
16791462	0	0	-1
16791463	0	0	-1
16791464	0	0	-1
16791465	0	0	-1
16791466	0	0	-1
16791467	0	0	-1
16791468	0	0	-1
16791469	0	0	-1
16791470	0	0	-1
16791471	0	0	-1
16791472	0	0	-1
16791473	0	0	-1
16791474	0	0	-1
16791475	0	0	-1
16791476	0	0	-1
16791477	0	0	-1
16791478	0	0	-1
16791479	0	0	-1
16791480	0	0	-1
16791481	0	0	-1
16791482	0	0	-1
16791483	0	0	-1
16791484	0	0	-1
16791485	0	0	-1
16791486	0	0	-1
16791487	0	0	-1
16791488	0	0	-1
16791489	0	0	-1
16791490	0	0	-1
16791491	0	0	-1
16791492	0	0	-1
16791493	0	0	-1
16791494	0	0	-1
16791495	0	0	-1
16791496	0	0	-1
16791497	0	0	-1
16791498	0	0	-1
16791499	0	0	-1
16791500	0	0	-1
16791501	0	0	-1
16791502	0	0	-1
16791503	0	0	-1
16791504	0	0	-1
16791505	0	0	-1
16791506	0	0	-1
16791507	0	0	-1
16791508	0	0	-1
16791509	0	0	-1
16791510	0	0	-1
16791511	0	0	-1
16791512	0	0	-1
16791513	0	0	-1
16791514	0	0	-1
16791515	0	0	-1
16791516	0	0	-1
16791517	0	0	-1
16791518	0	0	-1
16791519	0	0	-1
16791520	0	0	-1
16791521	0	0	-1
16791522	0	0	-1
16791523	0	0	-1
16791524	0	0	-1
16791525	0	0	-1
16791526	0	0	-1
16791527	0	0	-1
16791528	0	0	-1
16791529	0	0	-1
16791530	0	0	-1
16791531	0	0	-1
16791532	0	0	-1
16791533	0	0	-1
16791534	0	0	-1
16791535	0	0	-1
16791536	0	0	-1
16791537	0	0	-1
16791538	0	0	-1
16791539	0	0	-1
16791540	0	0	-1
16791541	0	0	-1
16791542	0	0	-1
16791543	0	0	-1
16791544	0	0	-1
16791545	0	0	-1
16791546	0	0	-1
16791547	0	0	-1
16791548	0	0	-1
16791549	0	0	-1
16791550	0	0	-1
16791551	0	0	-1
16791552	0	0	-1
16791553	0	0	-1
16791554	0	0	-1
16791555	0	0	-1
16791556	0	0	-1
16791557	0	0	-1
16791558	0	0	-1
16791559	0	0	-1
16791560	0	0	-1
16791561	0	0	-1
16791562	0	0	-1
16791563	0	0	-1
16791564	0	0	-1
16791565	0	0	-1
16791566	0	0	-1
16791567	0	0	-1
16791568	0	0	-1
16791569	0	0	-1
16791570	0	0	-1
16791571	0	0	-1
16791572	0	0	-1
16791573	0	0	-1
16791574	0	0	-1
16791575	0	0	-1
16791576	0	0	-1
16791577	0	0	-1
16791578	0	0	-1
16791579	0	0	-1
16791580	0	0	-1
16791581	0	0	-1
16791582	0	0	-1
16791583	0	0	-1
16791584	0	0	-1
16791585	0	0	-1
16791586	0	0	-1
16791587	0	0	-1
16791588	0	0	-1
16791589	0	0	-1
16791590	0	0	-1
16791591	0	0	-1
16791592	0	0	-1
16791593	0	0	-1
16791594	0	0	-1
16791595	0	0	-1
16791596	0	0	-1
16791597	0	0	-1
16791598	0	0	-1
16791599	0	0	-1
16791600	0	0	-1
16791601	0	0	-1
16791602	0	0	-1
16791603	0	0	-1
16791604	0	0	-1
16791605	0	0	-1
16791606	0	0	-1
16791607	0	0	-1
16791608	0	0	-1
16791609	0	0	-1
16791610	0	0	-1
16791611	0	0	-1
16791612	0	0	-1
16791613	0	0	-1
16791614	0	0	-1
16791615	0	0	-1
16791616	0	0	-1
16791617	0	0	-1
16791618	0	0	-1
16791619	0	0	-1
16791620	0	0	-1
16791621	0	0	-1
16791622	0	0	-1
16791623	0	0	-1
16791624	0	0	-1
16791625	0	0	-1
16791626	0	0	-1
16791627	0	0	-1
16791628	0	0	-1
16791629	0	0	-1
16791630	0	0	-1
16791631	0	0	-1
16791632	0	0	-1
16791633	0	0	-1
16791634	0	0	-1
16791635	0	0	-1
16791636	0	0	-1
16791637	0	0	-1
16791638	0	0	-1
16791639	0	0	-1
16791640	0	0	-1
16791641	0	0	-1
16791642	0	0	-1
16791643	0	0	-1
16791644	0	0	-1
16791645	0	0	-1
16791646	0	0	-1
16791647	0	0	-1
16791648	0	0	-1
16791649	0	0	-1
16791650	0	0	-1
16791651	0	0	-1
16791652	0	0	-1
16791653	0	0	-1
16791654	0	0	-1