33635306	0	0	-1
33635351	0	0	-1
33694360	0	0	-1
33694443	0	0	-1
33694486	0	0	-1
33694529	0	0	-1
33694572	0	0	-1
33694573	0	0	-1
33694617	0	0	-1
33694618	0	0	-1
33694662	0	0	-1
33694663	0	0	-1
33694707	0	0	-1
33694708	0	0	-1
33694752	0	0	-1
33694753	0	0	-1
33694798	0	0	-1
33694844	0	0	-1
33752627	0	0	-1
33752667	0	0	-1
33752707	0	0	-1
33752708	0	0	-1
33752748	0	0	-1
33752749	0	0	-1
33752789	0	0	-1
33752830	0	0	-1
33752872	0	0	-1
33752914	0	0	-1
33752956	0	0	-1
33752999	0	0	-1
33753042	0	0	-1
33753043	0	0	-1
33753086	0	0	-1
33753087	0	0	-1
33753130	0	0	-1
33753131	0	0	-1
33753174	0	0	-1
33753175	0	0	-1
33753219	0	0	-1
33809912	0	0	-1
33809950	0	0	-1
33809988	0	0	-1
33810027	0	0	-1
33810066	0	0	-1
33810067	0	0	-1
33810106	0	0	-1
33810107	0	0	-1
33810146	0	0	-1
33810147	0	0	-1
33810186	0	0	-1
33810187	0	0	-1
33810226	0	0	-1
33810227	0	0	-1
33810267	0	0	-1
33810268	0	0	-1
33810308	0	0	-1
33810350	0	0	-1
33810392	0	0	-1
33810434	0	0	-1
33810476	0	0	-1
33810477	0	0	-1
33810519	0	0	-1
33810520	0	0	-1
33810562	0	0	-1
33810563	0	0	-1
33810606	0	0	-1
33810649	0	0	-1
33866101	0	0	-1
33866136	0	0	-1
33866137	0	0	-1
33866171	0	0	-1
33866172	0	0	-1
33866207	0	0	-1
33866208	0	0	-1
33866244	0	0	-1
33866245	0	0	-1
33866281	0	0	-1
33866282	0	0	-1
33866318	0	0	-1
33866319	0	0	-1
33866356	0	0	-1
33866357	0	0	-1
33866394	0	0	-1
33866395	0	0	-1
33866432	0	0	-1
33866470	0	0	-1
33866508	0	0	-1
33866546	0	0	-1
33866547	0	0	-1
33866586	0	0	-1
33866587	0	0	-1
33866626	0	0	-1
33866627	0	0	-1
33866666	0	0	-1
33866667	0	0	-1
33866706	0	0	-1
33866707	0	0	-1
33866746	0	0	-1
33866786	0	0	-1
33866826	0	0	-1
33866867	0	0	-1
33866908	0	0	-1
33866950	0	0	-1
33921227	0	0	-1
33921258	0	0	-1
33921289	0	0	-1
33921290	0	0	-1
33921321	0	0	-1
33921322	0	0	-1
33921323	0	0	-1
33921355	0	0	-1
33921356	0	0	-1
33921357	0	0	-1
33921389	0	0	-1
33921390	0	0	-1
33921391	0	0	-1
33921424	0	0	-1
33921425	0	0	-1
33921459	0	0	-1
33921460	0	0	-1
33921494	0	0	-1
33921495	0	0	-1
33921530	0	0	-1
33921531	0	0	-1
33921566	0	0	-1
33921567	0	0	-1
33921568	0	0	-1
33921603	0	0	-1
33921604	0	0	-1
33921605	0	0	-1
33921640	0	0	-1
33921641	0	0	-1
33921642	0	0	-1
33921677	0	0	-1
33921678	0	0	-1
33921679	0	0	-1
33921714	0	0	-1
33921715	0	0	-1
33921716	0	0	-1
33921751	0	0	-1
33921752	0	0	-1
33921788	0	0	-1
33921789	0	0	-1
33921826	0	0	-1
33921827	0	0	-1
33921864	0	0	-1
33921865	0	0	-1
33921866	0	0	-1
33921903	0	0	-1
33921904	0	0	-1
33921905	0	0	-1
33921942	0	0	-1
33921943	0	0	-1
33921944	0	0	-1
33921981	0	0	-1
33921982	0	0	-1
33921983	0	0	-1
33922020	0	0	-1
33922021	0	0	-1
33922022	0	0	-1
33922059	0	0	-1
33922060	0	0	-1
33922061	0	0	-1
33922098	0	0	-1
33922099	0	0	-1
33922100	0	0	-1
33922137	0	0	-1
33922138	0	0	-1
33922139	0	0	-1
33922177	0	0	-1
33922178	0	0	-1
33922217	0	0	-1
33974991	0	0	-1
33975017	0	0	-1
33975018	0	0	-1
33975019	0	0	-1
33975046	0	0	-1
33975047	0	0	-1
33975048	0	0	-1
33975075	0	0	-1
33975076	0	0	-1
33975077	0	0	-1
33975101	0	0	-1
33975105	0	0	-1
33975106	0	0	-1
33975132	0	0	-1
33975135	0	0	-1
33975136	0	0	-1
33975162	0	0	-1
33975165	0	0	-1
33975166	0	0	-1
33975167	0	0	-1
33975193	0	0	-1
33975194	0	0	-1
33975197	0	0	-1
33975198	0	0	-1
33975199	0	0	-1
33975226	0	0	-1
33975227	0	0	-1
33975229	0	0	-1
33975230	0	0	-1
33975231	0	0	-1
33975258	0	0	-1
33975259	0	0	-1
33975261	0	0	-1
33975262	0	0	-1
33975291	0	0	-1
33975292	0	0	-1
33975294	0	0	-1
33975295	0	0	-1
33975324	0	0	-1
33975325	0	0	-1
33975327	0	0	-1
33975328	0	0	-1
33975357	0	0	-1
33975358	0	0	-1
33975360	0	0	-1
33975361	0	0	-1
33975390	0	0	-1
33975391	0	0	-1
33975393	0	0	-1
33975394	0	0	-1
33975424	0	0	-1
33975425	0	0	-1
33975427	0	0	-1
33975428	0	0	-1
33975458	0	0	-1
33975459	0	0	-1
33975461	0	0	-1
33975462	0	0	-1
33975463	0	0	-1
33975493	0	0	-1
33975494	0	0	-1
33975496	0	0	-1
33975497	0	0	-1
33975498	0	0	-1
33975528	0	0	-1
33975529	0	0	-1
33975531	0	0	-1
33975532	0	0	-1
33975533	0	0	-1
33975563	0	0	-1
33975564	0	0	-1
33975566	0	0	-1
33975567	0	0	-1
33975568	0	0	-1
33975598	0	0	-1
33975599	0	0	-1
33975601	0	0	-1
33975602	0	0	-1
33975633	0	0	-1
33975634	0	0	-1
33975636	0	0	-1
33975637	0	0	-1
33975638	0	0	-1
33975668	0	0	-1
33975672	0	0	-1
33975673	0	0	-1
33975674	0	0	-1
33975704	0	0	-1
33975708	0	0	-1
33975709	0	0	-1
33975710	0	0	-1
33975740	0	0	-1
33975743	0	0	-1
33975744	0	0	-1
33975745	0	0	-1
33975775	0	0	-1
33975778	0	0	-1
33975779	0	0	-1
33975780	0	0	-1
33975813	0	0	-1
33975814	0	0	-1
33975815	0	0	-1
33975848	0	0	-1
33975849	0	0	-1
33975883	0	0	-1
33975884	0	0	-1
33975918	0	0	-1
33975919	0	0	-1
33975920	0	0	-1
33975955	0	0	-1
33975956	0	0	-1
33975991	0	0	-1
33976027	0	0	-1
34027467	0	0	-1
34027468	0	0	-1
34027485	0	0	-1
34027490	0	0	-1
34027491	0	0	-1
34027510	0	0	-1
34027511	0	0	-1
34027514	0	0	-1
34027515	0	0	-1
34027535	0	0	-1
34027536	0	0	-1
34027539	0	0	-1
34027540	0	0	-1
34027560	0	0	-1
34027561	0	0	-1
34027562	0	0	-1
34027564	0	0	-1
34027565	0	0	-1
34027566	0	0	-1
34027587	0	0	-1
34027588	0	0	-1
34027589	0	0	-1
34027591	0	0	-1
34027592	0	0	-1
34027593	0	0	-1
34027615	0	0	-1
34027616	0	0	-1
34027617	0	0	-1
34027618	0	0	-1
34027619	0	0	-1
34027642	0	0	-1
34027643	0	0	-1
34027644	0	0	-1
34027645	0	0	-1
34027646	0	0	-1
34027670	0	0	-1
34027671	0	0	-1
34027672	0	0	-1
34027673	0	0	-1
34027674	0	0	-1
34027698	0	0	-1
34027699	0	0	-1
34027700	0	0	-1
34027701	0	0	-1
34027702	0	0	-1
34027703	0	0	-1
34027727	0	0	-1
34027728	0	0	-1
34027729	0	0	-1
34027730	0	0	-1
34027731	0	0	-1
34027732	0	0	-1
34027733	0	0	-1
34027758	0	0	-1
34027759	0	0	-1
34027760	0	0	-1
34027761	0	0	-1
34027762	0	0	-1
34027763	0	0	-1
34027788	0	0	-1
34027789	0	0	-1
34027790	0	0	-1
34027791	0	0	-1
34027792	0	0	-1
34027793	0	0	-1
34027818	0	0	-1
34027819	0	0	-1
34027820	0	0	-1
34027821	0	0	-1
34027822	0	0	-1
34027823	0	0	-1
34027848	0	0	-1
34027849	0	0	-1
34027850	0	0	-1
34027851	0	0	-1
34027852	0	0	-1
34027853	0	0	-1
34027854	0	0	-1
34027880	0	0	-1
34027881	0	0	-1
34027882	0	0	-1
34027883	0	0	-1
34027884	0	0	-1
34027885	0	0	-1
34027911	0	0	-1
34027912	0	0	-1
34027913	0	0	-1
34027914	0	0	-1
34027915	0	0	-1
34027916	0	0	-1
34027942	0	0	-1
34027943	0	0	-1
34027944	0	0	-1
34027945	0	0	-1
34027946	0	0	-1
34027973	0	0	-1
34027974	0	0	-1
34027975	0	0	-1
34027976	0	0	-1
34027977	0	0	-1
34028004	0	0	-1
34028005	0	0	-1
34028006	0	0	-1
34028007	0	0	-1
34028008	0	0	-1
34028009	0	0	-1
34028036	0	0	-1
34028037	0	0	-1
34028038	0	0	-1
34028039	0	0	-1
34028040	0	0	-1
34028041	0	0	-1
34028068	0	0	-1
34028069	0	0	-1
34028070	0	0	-1
34028071	0	0	-1
34028072	0	0	-1
34028073	0	0	-1
34028100	0	0	-1
34028101	0	0	-1
34028102	0	0	-1
34028103	0	0	-1
34028104	0	0	-1
34028131	0	0	-1
34028132	0	0	-1
34028133	0	0	-1
34028134	0	0	-1
34028135	0	0	-1
34028162	0	0	-1
34028163	0	0	-1
34028164	0	0	-1
34028165	0	0	-1
34028166	0	0	-1
34028193	0	0	-1
34028194	0	0	-1
34028195	0	0	-1
34028196	0	0	-1
34028197	0	0	-1
34028224	0	0	-1
34028225	0	0	-1
34028227	0	0	-1
34028228	0	0	-1
34028229	0	0	-1
34028255	0	0	-1
34028256	0	0	-1
34028257	0	0	-1
34028259	0	0	-1
34028260	0	0	-1
34028261	0	0	-1
34028287	0	0	-1
34028288	0	0	-1
34028291	0	0	-1
34028292	0	0	-1
34028293	0	0	-1
34028319	0	0	-1
34028320	0	0	-1
34028323	0	0	-1
34028324	0	0	-1
34028325	0	0	-1
34028351	0	0	-1
34028355	0	0	-1
34028356	0	0	-1
34028357	0	0	-1
34028382	0	0	-1
34028386	0	0	-1
34028387	0	0	-1
34028388	0	0	-1
34028418	0	0	-1
34028419	0	0	-1
34028449	0	0	-1
34028450	0	0	-1
34078757	0	0	-1
34078758	0	0	-1
34078759	0	0	-1
34078760	0	0	-1
34078761	0	0	-1
34078762	0	0	-1
34078763	0	0	-1
34078766	0	0	-1
34078767	0	0	-1
34078771	0	0	-1
34078772	0	0	-1
34078773	0	0	-1
34078774	0	0	-1
34078775	0	0	-1
34078784	0	0	-1
34078785	0	0	-1
34078786	0	0	-1
34078787	0	0	-1
34078789	0	0	-1
34078790	0	0	-1
34078791	0	0	-1
34078804	0	0	-1
34078805	0	0	-1
34078806	0	0	-1
34078807	0	0	-1
34078808	0	0	-1
34078809	0	0	-1
34078810	0	0	-1
34078811	0	0	-1
34078825	0	0	-1
34078826	0	0	-1
34078827	0	0	-1
34078828	0	0	-1
34078829	0	0	-1
34078830	0	0	-1
34078831	0	0	-1
34078832	0	0	-1
34078847	0	0	-1
34078848	0	0	-1
34078849	0	0	-1
34078850	0	0	-1
34078851	0	0	-1
34078852	0	0	-1
34078868	0	0	-1
34078869	0	0	-1
34078870	0	0	-1
34078871	0	0	-1
34078872	0	0	-1
34078873	0	0	-1
34078874	0	0	-1
34078891	0	0	-1
34078892	0	0	-1
34078893	0	0	-1
34078894	0	0	-1
34078895	0	0	-1
34078896	0	0	-1
34078897	0	0	-1
34078898	0	0	-1
34078916	0	0	-1
34078917	0	0	-1
34078918	0	0	-1
34078919	0	0	-1
34078920	0	0	-1
34078921	0	0	-1
34078922	0	0	-1
34078940	0	0	-1
34078941	0	0	-1
34078942	0	0	-1
34078943	0	0	-1
34078944	0	0	-1
34078945	0	0	-1
34078946	0	0	-1
34078947	0	0	-1
34078966	0	0	-1
34078967	0	0	-1
34078968	0	0	-1
34078969	0	0	-1
34078970	0	0	-1
34078971	0	0	-1
34078992	0	0	-1
34078993	0	0	-1
34078994	0	0	-1
34078995	0	0	-1
34078996	0	0	-1
34079017	0	0	-1
34079018	0	0	-1
34079019	0	0	-1
34079020	0	0	-1
34079021	0	0	-1
34079022	0	0	-1
34079044	0	0	-1
34079045	0	0	-1
34079046	0	0	-1
34079047	0	0	-1
34079048	0	0	-1
34079070	0	0	-1
34079071	0	0	-1
34079072	0	0	-1
34079073	0	0	-1
34079074	0	0	-1
34079096	0	0	-1
34079097	0	0	-1
34079098	0	0	-1
34079099	0	0	-1
34079100	0	0	-1
34079122	0	0	-1
34079123	0	0	-1
34079124	0	0	-1
34079125	0	0	-1
34079126	0	0	-1
34079127	0	0	-1
34079149	0	0	-1
34079150	0	0	-1
34079151	0	0	-1
34079152	0	0	-1
34079153	0	0	-1
34079154	0	0	-1
34079176	0	0	-1
34079177	0	0	-1
34079178	0	0	-1
34079179	0	0	-1
34079180	0	0	-1
34079181	0	0	-1
34079182	0	0	-1
34079205	0	0	-1
34079206	0	0	-1
34079207	0	0	-1
34079208	0	0	-1
34079209	0	0	-1
34079210	0	0	-1
34079233	0	0	-1
34079234	0	0	-1
34079235	0	0	-1
34079236	0	0	-1
34079237	0	0	-1
34079238	0	0	-1
34079261	0	0	-1
34079262	0	0	-1
34079263	0	0	-1
34079264	0	0	-1
34079265	0	0	-1
34079266	0	0	-1
34079289	0	0	-1
34079290	0	0	-1
34079291	0	0	-1
34079292	0	0	-1
34079293	0	0	-1
34079317	0	0	-1
34079318	0	0	-1
34079319	0	0	-1
34079320	0	0	-1
34079321	0	0	-1
34079322	0	0	-1
34079345	0	0	-1
34079346	0	0	-1
34079347	0	0	-1
34079348	0	0	-1
34079349	0	0	-1
34079350	0	0	-1
34079373	0	0	-1
34079374	0	0	-1
34079375	0	0	-1
34079376	0	0	-1
34079377	0	0	-1
34079378	0	0	-1
34079400	0	0	-1
34079401	0	0	-1
34079402	0	0	-1
34079403	0	0	-1
34079404	0	0	-1
34079405	0	0	-1
34079406	0	0	-1
34079428	0	0	-1
34079429	0	0	-1
34079430	0	0	-1
34079431	0	0	-1
34079432	0	0	-1
34079433	0	0	-1
34079434	0	0	-1
34079456	0	0	-1
34079457	0	0	-1
34079458	0	0	-1
34079459	0	0	-1
34079460	0	0	-1
34079461	0	0	-1
34079462	0	0	-1
34079484	0	0	-1
34079485	0	0	-1
34079486	0	0	-1
34079487	0	0	-1
34079488	0	0	-1
34079489	0	0	-1
34079490	0	0	-1
34079511	0	0	-1
34079512	0	0	-1
34079513	0	0	-1
34079514	0	0	-1
34079515	0	0	-1
34079516	0	0	-1
34079517	0	0	-1
34079538	0	0	-1
34079539	0	0	-1
34079540	0	0	-1
34079541	0	0	-1
34079542	0	0	-1
34079543	0	0	-1
34079544	0	0	-1
34079564	0	0	-1
34079565	0	0	-1
34079566	0	0	-1
34079567	0	0	-1
34079568	0	0	-1
34079569	0	0	-1
34079570	0	0	-1
34079571	0	0	-1
34079591	0	0	-1
34079592	0	0	-1
34079593	0	0	-1
34079594	0	0	-1
34079596	0	0	-1
34079597	0	0	-1
34079598	0	0	-1
34079617	0	0	-1
34079618	0	0	-1
34079619	0	0	-1
34079620	0	0	-1
34079622	0	0	-1
34079623	0	0	-1
34079624	0	0	-1
34079643	0	0	-1
34079644	0	0	-1
34079645	0	0	-1
34079648	0	0	-1
34079649	0	0	-1
34079650	0	0	-1
34079668	0	0	-1
34079669	0	0	-1
34079670	0	0	-1
34079674	0	0	-1
34079675	0	0	-1
34079693	0	0	-1
34079694	0	0	-1
34079701	0	0	-1
34128993	0	0	-1
34128994	0	0	-1
34128995	0	0	-1
34128996	0	0	-1
34128997	0	0	-1
34128998	0	0	-1
34128999	0	0	-1
34129000	0	0	-1
34129001	0	0	-1
34129002	0	0	-1
34129003	0	0	-1
34129004	0	0	-1
34129005	0	0	-1
34129006	0	0	-1
34129007	0	0	-1
34129008	0	0	-1
34129009	0	0	-1
34129010	0	0	-1
34129011	0	0	-1
34129012	0	0	-1
34129013	0	0	-1
34129014	0	0	-1
34129015	0	0	-1
34129016	0	0	-1
34129017	0	0	-1
34129018	0	0	-1
34129019	0	0	-1
34129020	0	0	-1
34129021	0	0	-1
34129022	0	0	-1
34129023	0	0	-1
34129024	0	0	-1
34129025	0	0	-1
34129026	0	0	-1
34129027	0	0	-1
34129028	0	0	-1
34129029	0	0	-1
34129030	0	0	-1
34129031	0	0	-1
34129032	0	0	-1
34129033	0	0	-1
34129034	0	0	-1
34129035	0	0	-1
34129036	0	0	-1
34129037	0	0	-1
34129038	0	0	-1
34129039	0	0	-1
34129040	0	0	-1
34129043	0	0	-1
34129044	0	0	-1
34129045	0	0	-1
34129046	0	0	-1
34129047	0	0	-1
34129048	0	0	-1
34129049	0	0	-1
34129050	0	0	-1
34129051	0	0	-1
34129052	0	0	-1
34129053	0	0	-1
34129054	0	0	-1
34129055	0	0	-1
34129061	0	0	-1
34129062	0	0	-1
34129063	0	0	-1
34129064	0	0	-1
34129065	0	0	-1
34129066	0	0	-1
34129067	0	0	-1
34129068	0	0	-1
34129069	0	0	-1
34129070	0	0	-1
34129078	0	0	-1
34129079	0	0	-1
34129080	0	0	-1
34129081	0	0	-1
34129082	0	0	-1
34129083	0	0	-1
34129084	0	0	-1
34129085	0	0	-1
34129086	0	0	-1
34129097	0	0	-1
34129098	0	0	-1
34129099	0	0	-1
34129100	0	0	-1
34129101	0	0	-1
34129102	0	0	-1
34129103	0	0	-1
34129104	0	0	-1
34129117	0	0	-1
34129118	0	0	-1
34129119	0	0	-1
34129120	0	0	-1
34129121	0	0	-1
34129122	0	0	-1
34129136	0	0	-1
34129137	0	0	-1
34129138	0	0	-1
34129139	0	0	-1
34129140	0	0	-1
34129141	0	0	-1
34129142	0	0	-1
34129143	0	0	-1
34129158	0	0	-1
34129159	0	0	-1
34129160	0	0	-1
34129161	0	0	-1
34129162	0	0	-1
34129163	0	0	-1
34129164	0	0	-1
34129165	0	0	-1
34129180	0	0	-1
34129181	0	0	-1
34129182	0	0	-1
34129183	0	0	-1
34129184	0	0	-1
34129185	0	0	-1
34129186	0	0	-1
34129187	0	0	-1
34129203	0	0	-1
34129204	0	0	-1
34129205	0	0	-1
34129206	0	0	-1
34129207	0	0	-1
34129208	0	0	-1
34129209	0	0	-1
34129226	0	0	-1
34129227	0	0	-1
34129228	0	0	-1
34129229	0	0	-1
34129230	0	0	-1
34129231	0	0	-1
34129232	0	0	-1
34129250	0	0	-1
34129251	0	0	-1
34129252	0	0	-1
34129253	0	0	-1
34129254	0	0	-1
34129255	0	0	-1
34129273	0	0	-1
34129274	0	0	-1
34129275	0	0	-1
34129276	0	0	-1
34129277	0	0	-1
34129278	0	0	-1
34129296	0	0	-1
34129297	0	0	-1
34129298	0	0	-1
34129299	0	0	-1
34129300	0	0	-1
34129301	0	0	-1
34129319	0	0	-1
34129320	0	0	-1
34129321	0	0	-1
34129322	0	0	-1
34129323	0	0	-1
34129324	0	0	-1
34129342	0	0	-1
34129343	0	0	-1
34129344	0	0	-1
34129345	0	0	-1
34129346	0	0	-1
34129347	0	0	-1
34129348	0	0	-1
34129366	0	0	-1
34129367	0	0	-1
34129368	0	0	-1
34129369	0	0	-1
34129370	0	0	-1
34129371	0	0	-1
34129372	0	0	-1
34129390	0	0	-1
34129391	0	0	-1
34129392	0	0	-1
34129393	0	0	-1
34129394	0	0	-1
34129395	0	0	-1
34129396	0	0	-1
34129414	0	0	-1
34129415	0	0	-1
34129416	0	0	-1
34129417	0	0	-1
34129418	0	0	-1
34129419	0	0	-1
34129420	0	0	-1
34129421	0	0	-1
34129439	0	0	-1
34129440	0	0	-1
34129441	0	0	-1
34129442	0	0	-1
34129443	0	0	-1
34129444	0	0	-1
34129445	0	0	-1
34129446	0	0	-1
34129464	0	0	-1
34129465	0	0	-1
34129466	0	0	-1
34129467	0	0	-1
34129468	0	0	-1
34129469	0	0	-1
34129470	0	0	-1
34129471	0	0	-1
34129489	0	0	-1
34129490	0	0	-1
34129491	0	0	-1
34129492	0	0	-1
34129493	0	0	-1
34129494	0	0	-1
34129495	0	0	-1
34129513	0	0	-1
34129514	0	0	-1
34129515	0	0	-1
34129516	0	0	-1
34129517	0	0	-1
34129518	0	0	-1
34129519	0	0	-1
34129536	0	0	-1
34129537	0	0	-1
34129538	0	0	-1
34129539	0	0	-1
34129540	0	0	-1
34129541	0	0	-1
34129542	0	0	-1
34129543	0	0	-1
34129560	0	0	-1
34129561	0	0	-1
34129562	0	0	-1
34129563	0	0	-1
34129564	0	0	-1
34129565	0	0	-1
34129566	0	0	-1
34129582	0	0	-1
34129583	0	0	-1
34129584	0	0	-1
34129585	0	0	-1
34129586	0	0	-1
34129587	0	0	-1
34129588	0	0	-1
34129589	0	0	-1
34129605	0	0	-1
34129606	0	0	-1
34129607	0	0	-1
34129608	0	0	-1
34129609	0	0	-1
34129610	0	0	-1
34129611	0	0	-1
34129612	0	0	-1
34129627	0	0	-1
34129628	0	0	-1
34129629	0	0	-1
34129630	0	0	-1
34129631	0	0	-1
34129632	0	0	-1
34129633	0	0	-1
34129634	0	0	-1
34129635	0	0	-1
34129650	0	0	-1
34129651	0	0	-1
34129652	0	0	-1
34129653	0	0	-1
34129654	0	0	-1
34129655	0	0	-1
34129656	0	0	-1
34129657	0	0	-1
34129658	0	0	-1
34129672	0	0	-1
34129673	0	0	-1
34129674	0	0	-1
34129675	0	0	-1
34129676	0	0	-1
34129677	0	0	-1
34129678	0	0	-1
34129679	0	0	-1
34129680	0	0	-1
34129681	0	0	-1
34129693	0	0	-1
34129694	0	0	-1
34129695	0	0	-1
34129696	0	0	-1
34129697	0	0	-1
34129698	0	0	-1
34129699	0	0	-1
34129700	0	0	-1
34129701	0	0	-1
34129702	0	0	-1
34129703	0	0	-1
34129714	0	0	-1
34129715	0	0	-1
34129716	0	0	-1
34129717	0	0	-1
34129718	0	0	-1
34129719	0	0	-1
34129720	0	0	-1
34129721	0	0	-1
34129722	0	0	-1
34129723	0	0	-1
34129724	0	0	-1
34129725	0	0	-1
34129734	0	0	-1
34129735	0	0	-1
34129736	0	0	-1
34129737	0	0	-1
34129738	0	0	-1
34129739	0	0	-1
34129740	0	0	-1
34129741	0	0	-1
34129742	0	0	-1
34129743	0	0	-1
34129744	0	0	-1
34129745	0	0	-1
34129746	0	0	-1
34129754	0	0	-1
34129755	0	0	-1
34129756	0	0	-1
34129757	0	0	-1
34129758	0	0	-1
34129759	0	0	-1
34129760	0	0	-1
34129761	0	0	-1
34129762	0	0	-1
34129763	0	0	-1
34129764	0	0	-1
34129765	0	0	-1
34129766	0	0	-1
34129767	0	0	-1
34129768	0	0	-1
34129774	0	0	-1
34129775	0	0	-1
34129776	0	0	-1
34129777	0	0	-1
34129778	0	0	-1
34129780	0	0	-1
34129781	0	0	-1
34129782	0	0	-1
34129783	0	0	-1
34129784	0	0	-1
34129785	0	0	-1
34129786	0	0	-1
34129787	0	0	-1
34129788	0	0	-1
34129791	0	0	-1
34129792	0	0	-1
34129793	0	0	-1
34129794	0	0	-1
34129795	0	0	-1
34129796	0	0	-1
34129801	0	0	-1
34129802	0	0	-1
34129803	0	0	-1
34129804	0	0	-1
34129805	0	0	-1
34129806	0	0	-1
34129807	0	0	-1
34129808	0	0	-1
34129809	0	0	-1
34129810	0	0	-1
34129811	0	0	-1
34178149	0	0	-1
34178150	0	0	-1
34178151	0	0	-1
34178152	0	0	-1
34178153	0	0	-1
34178154	0	0	-1
34178155	0	0	-1
34178156	0	0	-1
34178157	0	0	-1
34178158	0	0	-1
34178159	0	0	-1
34178160	0	0	-1
34178161	0	0	-1
34178162	0	0	-1
34178163	0	0	-1
34178164	0	0	-1
34178165	0	0	-1
34178166	0	0	-1
34178167	0	0	-1
34178168	0	0	-1
34178169	0	0	-1
34178170	0	0	-1
34178171	0	0	-1
34178172	0	0	-1
34178173	0	0	-1
34178174	0	0	-1
34178175	0	0	-1
34178176	0	0	-1
34178177	0	0	-1
34178178	0	0	-1
34178179	0	0	-1
34178180	0	0	-1
34178181	0	0	-1
34178182	0	0	-1
34178183	0	0	-1
34178184	0	0	-1
34178185	0	0	-1
34178186	0	0	-1
34178187	0	0	-1
34178188	0	0	-1
34178189	0	0	-1
34178190	0	0	-1
34178191	0	0	-1
34178192	0	0	-1
34178193	0	0	-1
34178194	0	0	-1
34178195	0	0	-1
34178196	0	0	-1
34178197	0	0	-1
34178198	0	0	-1
34178199	0	0	-1
34178200	0	0	-1
34178201	0	0	-1
34178202	0	0	-1
34178203	0	0	-1
34178204	0	0	-1
34178205	0	0	-1
34178206	0	0	-1
34178207	0	0	-1
34178208	0	0	-1
34178209	0	0	-1
34178210	0	0	-1
34178211	0	0	-1
34178212	0	0	-1
34178213	0	0	-1
34178214	0	0	-1
34178215	0	0	-1
34178216	0	0	-1
34178217	0	0	-1
34178218	0	0	-1
34178219	0	0	-1
34178220	0	0	-1
34178221	0	0	-1
34178222	0	0	-1
34178223	0	0	-1
34178224	0	0	-1
34178225	0	0	-1
34178226	0	0	-1
34178227	0	0	-1
34178228	0	0	-1
34178229	0	0	-1
34178230	0	0	-1
34178231	0	0	-1
34178232	0	0	-1
34178233	0	0	-1
34178234	0	0	-1
34178235	0	0	-1
34178236	0	0	-1
34178237	0	0	-1
34178238	0	0	-1
34178239	0	0	-1
34178240	0	0	-1
34178241	0	0	-1
34178242	0	0	-1
34178243	0	0	-1
34178244	0	0	-1
34178245	0	0	-1
34178246	0	0	-1
34178247	0	0	-1
34178248	0	0	-1
34178249	0	0	-1
34178250	0	0	-1
34178251	0	0	-1
34178252	0	0	-1
34178255	0	0	-1
34178256	0	0	-1
34178257	0	0	-1
34178258	0	0	-1
34178259	0	0	-1
34178260	0	0	-1
34178261	0	0	-1
34178262	0	0	-1
34178263	0	0	-1
34178264	0	0	-1
34178265	0	0	-1
34178266	0	0	-1
34178267	0	0	-1
34178268	0	0	-1
34178274	0	0	-1
34178275	0	0	-1
34178276	0	0	-1
34178277	0	0	-1
34178278	0	0	-1
34178279	0	0	-1
34178280	0	0	-1
34178281	0	0	-1
34178282	0	0	-1
34178283	0	0	-1
34178284	0	0	-1
34178285	0	0	-1
34178293	0	0	-1
34178294	0	0	-1
34178295	0	0	-1
34178296	0	0	-1
34178297	0	0	-1
34178298	0	0	-1
34178299	0	0	-1
34178300	0	0	-1
34178301	0	0	-1
34178302	0	0	-1
34178303	0	0	-1
34178304	0	0	-1
34178312	0	0	-1
34178313	0	0	-1
34178314	0	0	-1
34178315	0	0	-1
34178316	0	0	-1
34178317	0	0	-1
34178318	0	0	-1
34178319	0	0	-1
34178320	0	0	-1
34178321	0	0	-1
34178322	0	0	-1
34178323	0	0	-1
34178331	0	0	-1
34178332	0	0	-1
34178333	0	0	-1
34178334	0	0	-1
34178335	0	0	-1
34178336	0	0	-1
34178337	0	0	-1
34178338	0	0	-1
34178339	0	0	-1
34178340	0	0	-1
34178341	0	0	-1
34178342	0	0	-1
34178350	0	0	-1
34178351	0	0	-1
34178352	0	0	-1
34178353	0	0	-1
34178354	0	0	-1
34178355	0	0	-1
34178356	0	0	-1
34178357	0	0	-1
34178358	0	0	-1
34178359	0	0	-1
34178360	0	0	-1
34178361	0	0	-1
34178369	0	0	-1
34178370	0	0	-1
34178371	0	0	-1
34178372	0	0	-1
34178373	0	0	-1
34178374	0	0	-1
34178375	0	0	-1
34178376	0	0	-1
34178377	0	0	-1
34178378	0	0	-1
34178379	0	0	-1
34178380	0	0	-1
34178388	0	0	-1
34178389	0	0	-1
34178390	0	0	-1
34178391	0	0	-1
34178392	0	0	-1
34178393	0	0	-1
34178394	0	0	-1
34178395	0	0	-1
34178396	0	0	-1
34178397	0	0	-1
34178398	0	0	-1
34178399	0	0	-1
34178407	0	0	-1
34178408	0	0	-1
34178409	0	0	-1
34178410	0	0	-1
34178411	0	0	-1
34178412	0	0	-1
34178413	0	0	-1
34178414	0	0	-1
34178415	0	0	-1
34178416	0	0	-1
34178417	0	0	-1
34178426	0	0	-1
34178427	0	0	-1
34178428	0	0	-1
34178429	0	0	-1
34178430	0	0	-1
34178431	0	0	-1
34178432	0	0	-1
34178433	0	0	-1
34178434	0	0	-1
34178435	0	0	-1
34178436	0	0	-1
34178445	0	0	-1
34178446	0	0	-1
34178447	0	0	-1
34178448	0	0	-1
34178449	0	0	-1
34178450	0	0	-1
34178451	0	0	-1
34178452	0	0	-1
34178453	0	0	-1
34178454	0	0	-1
34178455	0	0	-1
34178464	0	0	-1
34178465	0	0	-1
34178466	0	0	-1
34178467	0	0	-1
34178468	0	0	-1
34178469	0	0	-1
34178470	0	0	-1
34178471	0	0	-1
34178472	0	0	-1
34178473	0	0	-1
34178474	0	0	-1
34178483	0	0	-1
34178484	0	0	-1
34178485	0	0	-1
34178486	0	0	-1
34178487	0	0	-1
34178488	0	0	-1
34178489	0	0	-1
34178490	0	0	-1
34178491	0	0	-1
34178492	0	0	-1
34178493	0	0	-1
34178494	0	0	-1
34178502	0	0	-1
34178503	0	0	-1
34178504	0	0	-1
34178505	0	0	-1
34178506	0	0	-1
34178507	0	0	-1
34178508	0	0	-1
34178509	0	0	-1
34178510	0	0	-1
34178511	0	0	-1
34178512	0	0	-1
34178513	0	0	-1
34178514	0	0	-1
34178520	0	0	-1
34178521	0	0	-1
34178522	0	0	-1
34178523	0	0	-1
34178524	0	0	-1
34178525	0	0	-1
34178526	0	0	-1
34178527	0	0	-1
34178528	0	0	-1
34178529	0	0	-1
34178530	0	0	-1
34178531	0	0	-1
34178532	0	0	-1
34178533	0	0	-1
34178534	0	0	-1
34178539	0	0	-1
34178540	0	0	-1
34178541	0	0	-1
34178542	0	0	-1
34178543	0	0	-1
34178544	0	0	-1
34178545	0	0	-1
34178546	0	0	-1
34178547	0	0	-1
34178548	0	0	-1
34178549	0	0	-1
34178550	0	0	-1
34178551	0	0	-1
34178552	0	0	-1
34178553	0	0	-1
34178554	0	0	-1
34178557	0	0	-1
34178558	0	0	-1
34178559	0	0	-1
34178560	0	0	-1
34178561	0	0	-1
34178562	0	0	-1
34178563	0	0	-1
34178564	0	0	-1
34178565	0	0	-1
34178566	0	0	-1
34178567	0	0	-1
34178568	0	0	-1
34178569	0	0	-1
34178570	0	0	-1
34178571	0	0	-1
34178572	0	0	-1
34178573	0	0	-1
34178575	0	0	-1
34178576	0	0	-1
34178577	0	0	-1
34178578	0	0	-1
34178579	0	0	-1
34178580	0	0	-1
34178581	0	0	-1
34178582	0	0	-1
34178583	0	0	-1
34178584	0	0	-1
34178585	0	0	-1
34178586	0	0	-1
34178587	0	0	-1
34178588	0	0	-1
34178589	0	0	-1
34178590	0	0	-1
34178591	0	0	-1
34178592	0	0	-1
34178593	0	0	-1
34178594	0	0	-1
34178595	0	0	-1
34178596	0	0	-1
34178597	0	0	-1
34178598	0	0	-1
34178599	0	0	-1
34178600	0	0	-1
34178601	0	0	-1
34178602	0	0	-1
34178603	0	0	-1
34178604	0	0	-1
34178605	0	0	-1
34178606	0	0	-1
34178607	0	0	-1
34178608	0	0	-1
34178609	0	0	-1
34178610	0	0	-1
34178611	0	0	-1
34178612	0	0	-1
34178613	0	0	-1
34178614	0	0	-1
34178615	0	0	-1
34178616	0	0	-1
34178617	0	0	-1
34178618	0	0	-1
34178619	0	0	-1
34178620	0	0	-1
34178621	0	0	-1
34178622	0	0	-1
34178623	0	0	-1
34178624	0	0	-1
34178625	0	0	-1
34178626	0	0	-1
34178627	0	0	-1
34178628	0	0	-1
34178629	0	0	-1
34178630	0	0	-1
34178631	0	0	-1
34178632	0	0	-1
34178633	0	0	-1
34178634	0	0	-1
34178635	0	0	-1
34178636	0	0	-1
34178637	0	0	-1
34178638	0	0	-1
34178639	0	0	-1
34178640	0	0	-1
34178641	0	0	-1
34178642	0	0	-1
34178643	0	0	-1
34178644	0	0	-1
34178645	0	0	-1
34178646	0	0	-1
34178647	0	0	-1
34178648	0	0	-1
34178649	0	0	-1
34178650	0	0	-1
34178651	0	0	-1
34178652	0	0	-1
34178653	0	0	-1
34178654	0	0	-1
34178655	0	0	-1
34178656	0	0	-1
34178657	0	0	-1
34178658	0	0	-1
34178659	0	0	-1
34178660	0	0	-1
34178661	0	0	-1
34178662	0	0	-1
34178663	0	0	-1
34178664	0	0	-1
34178665	0	0	-1
34178666	0	0	-1
34178667	0	0	-1
34178668	0	0	-1
34178669	0	0	-1
34178670	0	0	-1
34178671	0	0	-1
34178672	0	0	-1
34178673	0	0	-1
34178674	0	0	-1
34178675	0	0	-1
34178676	0	0	-1
34178677	0	0	-1
34178678	0	0	-1
34178679	0	0	-1
34178680	0	0	-1
34178681	0	0	-1
34178682	0	0	-1
34178683	0	0	-1
34178684	0	0	-1
34178685	0	0	-1
34178686	0	0	-1
34178687	0	0	-1
34178688	0	0	-1
34178689	0	0	-1
34178690	0	0	-1
34178691	0	0	-1
34178692	0	0	-1
34178693	0	0	-1
34178694	0	0	-1
34178695	0	0	-1
34178696	0	0	-1
34178697	0	0	-1
34178698	0	0	-1
34178699	0	0	-1
34178700	0	0	-1
34178701	0	0	-1
34178702	0	0	-1
34178703	0	0	-1
34178704	0	0	-1
34178705	0	0	-1
34178706	0	0	-1
34178707	0	0	-1
34178708	0	0	-1
34178709	0	0	-1
34178710	0	0	-1
34178711	0	0	-1
34178712	0	0	-1
34178713	0	0	-1
34178714	0	0	-1
34178715	0	0	-1
34178716	0	0	-1
34226184	0	0	-1
34226185	0	0	-1
34226186	0	0	-1
34226187	0	0	-1
34226188	0	0	-1
34226189	0	0	-1
34226190	0	0	-1
34226191	0	0	-1
34226192	0	0	-1
34226193	0	0	-1
34226194	0	0	-1
34226195	0	0	-1
34226196	0	0	-1
34226197	0	0	-1
34226198	0	0	-1
34226199	0	0	-1
34226200	0	0	-1
34226201	0	0	-1
34226202	0	0	-1
34226203	0	0	-1
34226204	0	0	-1
34226205	0	0	-1
34226206	0	0	-1
34226207	0	0	-1
34226208	0	0	-1
34226209	0	0	-1
34226210	0	0	-1
34226211	0	0	-1
34226212	0	0	-1
34226213	0	0	-1
34226214	0	0	-1
34226215	0	0	-1
34226216	0	0	-1
34226217	0	0	-1
34226218	0	0	-1
34226219	0	0	-1
34226220	0	0	-1
34226221	0	0	-1
34226222	0	0	-1
34226223	0	0	-1
34226224	0	0	-1
34226225	0	0	-1
34226226	0	0	-1
34226227	0	0	-1
34226228	0	0	-1
34226229	0	0	-1
34226230	0	0	-1
34226231	0	0	-1
34226232	0	0	-1
34226233	0	0	-1
34226234	0	0	-1
34226235	0	0	-1
34226236	0	0	-1
34226237	0	0	-1
34226238	0	0	-1
34226239	0	0	-1
34226240	0	0	-1
34226241	0	0	-1
34226242	0	0	-1
34226243	0	0	-1
34226244	0	0	-1
34226245	0	0	-1
34226246	0	0	-1
34226247	0	0	-1
34226248	0	0	-1
34226249	0	0	-1
34226250	0	0	-1
34226251	0	0	-1
34226252	0	0	-1
34226253	0	0	-1
34226254	0	0	-1
34226255	0	0	-1
34226256	0	0	-1
34226257	0	0	-1
34226258	0	0	-1
34226259	0	0	-1
34226260	0	0	-1
34226261	0	0	-1
34226262	0	0	-1
34226263	0	0	-1
34226264	0	0	-1
34226265	0	0	-1
34226266	0	0	-1
34226267	0	0	-1
34226268	0	0	-1
34226269	0	0	-1
34226270	0	0	-1
34226271	0	0	-1
34226272	0	0	-1
34226273	0	0	-1
34226274	0	0	-1
34226275	0	0	-1
34226276	0	0	-1
34226277	0	0	-1
34226278	0	0	-1
34226279	0	0	-1
34226280	0	0	-1
34226281	0	0	-1
34226282	0	0	-1
34226283	0	0	-1
34226284	0	0	-1
34226285	0	0	-1
34226286	0	0	-1
34226287	0	0	-1
34226288	0	0	-1
34226289	0	0	-1
34226290	0	0	-1
34226291	0	0	-1
34226292	0	0	-1
34226293	0	0	-1
34226294	0	0	-1
34226295	0	0	-1
34226296	0	0	-1
34226297	0	0	-1
34226298	0	0	-1
34226299	0	0	-1
34226300	0	0	-1
34226301	0	0	-1
34226302	0	0	-1
34226303	0	0	-1
34226304	0	0	-1
34226305	0	0	-1
34226306	0	0	-1
34226307	0	0	-1
34226308	0	0	-1
34226309	0	0	-1
34226310	0	0	-1
34226311	0	0	-1
34226312	0	0	-1
34226313	0	0	-1
34226314	0	0	-1
34226315	0	0	-1
34226316	0	0	-1
34226317	0	0	-1
34226318	0	0	-1
34226319	0	0	-1
34226320	0	0	-1
34226321	0	0	-1
34226322	0	0	-1
34226323	0	0	-1
34226324	0	0	-1
34226325	0	0	-1
34226326	0	0	-1
34226327	0	0	-1
34226328	0	0	-1
34226329	0	0	-1
34226330	0	0	-1
34226331	0	0	-1
34226332	0	0	-1
34226333	0	0	-1
34226334	0	0	-1
34226335	0	0	-1
34226336	0	0	-1
34226337	0	0	-1
34226338	0	0	-1
34226339	0	0	-1
34226340	0	0	-1
34226341	0	0	-1
34226342	0	0	-1
34226343	0	0	-1
34226344	0	0	-1
34226345	0	0	-1
34226346	0	0	-1
34226347	0	0	-1
34226348	0	0	-1
35603621	0	0	-1
35603672	0	0	-1
35606313	0	0	-1
35606314	0	0	-1
35606364	0	0	-1
35606413	0	0	-1
35606462	0	0	-1
35606511	0	0	-1
35606560	0	0	-1
35608723	0	0	-1
35608772	0	0	-1
35608821	0	0	-1
35608870	0	0	-1
35608919	0	0	-1
35608920	0	0	-1
35608968	0	0	-1
35609016	0	0	-1
35609064	0	0	-1
35609112	0	0	-1
35609160	0	0	-1
35609208	0	0	-1
35609256	0	0	-1
35609353	0	0	-1
35611096	0	0	-1
35611143	0	0	-1
35611190	0	0	-1
35611237	0	0	-1
35611284	0	0	-1
35611285	0	0	-1
35611331	0	0	-1
35611332	0	0	-1
35611378	0	0	-1
35611379	0	0	-1
35611425	0	0	-1
35611471	0	0	-1
35611472	0	0	-1
35611517	0	0	-1
35611518	0	0	-1
35611563	0	0	-1
35611564	0	0	-1
35611609	0	0	-1
35611610	0	0	-1
35611655	0	0	-1
35611656	0	0	-1
35611657	0	0	-1
35611701	0	0	-1
35611702	0	0	-1
35611703	0	0	-1
35611747	0	0	-1
35611748	0	0	-1
35611749	0	0	-1
35611794	0	0	-1
35611795	0	0	-1
35611839	0	0	-1
35611840	0	0	-1
35611841	0	0	-1
35611885	0	0	-1
35611886	0	0	-1
35611887	0	0	-1
35611930	0	0	-1
35611931	0	0	-1
35611974	0	0	-1
35611975	0	0	-1
35612017	0	0	-1
35612018	0	0	-1
35613167	0	0	-1
35613213	0	0	-1
35613258	0	0	-1
35613304	0	0	-1
35613349	0	0	-1
35613350	0	0	-1
35613395	0	0	-1
35613396	0	0	-1
35613441	0	0	-1
35613442	0	0	-1
35613443	0	0	-1
35613487	0	0	-1
35613488	0	0	-1
35613489	0	0	-1
35613533	0	0	-1
35613534	0	0	-1
35613535	0	0	-1
35613579	0	0	-1
35613580	0	0	-1
35613581	0	0	-1
35613625	0	0	-1
35613626	0	0	-1
35613627	0	0	-1
35613670	0	0	-1
35613671	0	0	-1
35613672	0	0	-1
35613715	0	0	-1
35613716	0	0	-1
35613717	0	0	-1
35613760	0	0	-1
35613761	0	0	-1
35613762	0	0	-1
35613805	0	0	-1
35613806	0	0	-1
35613807	0	0	-1
35613849	0	0	-1
35613850	0	0	-1
35613851	0	0	-1
35613893	0	0	-1
35613894	0	0	-1
35613895	0	0	-1
35613937	0	0	-1
35613938	0	0	-1
35613939	0	0	-1
35613981	0	0	-1
35613982	0	0	-1
35613983	0	0	-1
35614024	0	0	-1
35614025	0	0	-1
35614026	0	0	-1
35614067	0	0	-1
35614068	0	0	-1
35614069	0	0	-1
35614110	0	0	-1
35614111	0	0	-1
35614112	0	0	-1
35614113	0	0	-1
35614153	0	0	-1
35614154	0	0	-1
35614155	0	0	-1
35614195	0	0	-1
35614196	0	0	-1
35614197	0	0	-1
35614235	0	0	-1
35614236	0	0	-1
35614237	0	0	-1
35614238	0	0	-1
35614275	0	0	-1
35614276	0	0	-1
35614277	0	0	-1
35614278	0	0	-1
35614313	0	0	-1
35614314	0	0	-1
35614315	0	0	-1
35614352	0	0	-1
35614353	0	0	-1
35614389	0	0	-1
35615201	0	0	-1
35615241	0	0	-1
35615282	0	0	-1
35615283	0	0	-1
35615325	0	0	-1
35615326	0	0	-1
35615327	0	0	-1
35615369	0	0	-1
35615370	0	0	-1
35615371	0	0	-1
35615413	0	0	-1
35615414	0	0	-1
35615415	0	0	-1
35615457	0	0	-1
35615458	0	0	-1
35615459	0	0	-1
35615501	0	0	-1
35615502	0	0	-1
35615503	0	0	-1
35615545	0	0	-1
35615546	0	0	-1
35615547	0	0	-1
35615589	0	0	-1
35615590	0	0	-1
35615591	0	0	-1
35615632	0	0	-1
35615633	0	0	-1
35615634	0	0	-1
35615675	0	0	-1
35615676	0	0	-1
35615677	0	0	-1
35615718	0	0	-1
35615719	0	0	-1
35615720	0	0	-1
35615761	0	0	-1
35615762	0	0	-1
35615763	0	0	-1
35615803	0	0	-1
35615804	0	0	-1
35615805	0	0	-1
35615845	0	0	-1
35615846	0	0	-1
35615847	0	0	-1
35615887	0	0	-1
35615888	0	0	-1
35615889	0	0	-1
35615929	0	0	-1
35615930	0	0	-1
35615931	0	0	-1
35615970	0	0	-1
35615971	0	0	-1
35615972	0	0	-1
35616011	0	0	-1
35616012	0	0	-1
35616013	0	0	-1
35616052	0	0	-1
35616053	0	0	-1
35616054	0	0	-1
35616093	0	0	-1
35616094	0	0	-1
35616095	0	0	-1
35616133	0	0	-1
35616134	0	0	-1
35616135	0	0	-1
35616173	0	0	-1
35616174	0	0	-1
35616175	0	0	-1
35616213	0	0	-1
35616214	0	0	-1
35616215	0	0	-1
35616251	0	0	-1
35616252	0	0	-1
35616253	0	0	-1
35616254	0	0	-1
35616289	0	0	-1
35616290	0	0	-1
35616291	0	0	-1
35616292	0	0	-1
35616325	0	0	-1
35616326	0	0	-1
35616327	0	0	-1
35616360	0	0	-1
35616361	0	0	-1
35616362	0	0	-1
35616394	0	0	-1
35616395	0	0	-1
35616396	0	0	-1
35616397	0	0	-1
35616427	0	0	-1
35616428	0	0	-1
35616429	0	0	-1
35616430	0	0	-1
35616461	0	0	-1
35617041	0	0	-1
35617076	0	0	-1
35617077	0	0	-1
35617113	0	0	-1
35617114	0	0	-1
35617115	0	0	-1
35617152	0	0	-1
35617153	0	0	-1
35617154	0	0	-1
35617191	0	0	-1
35617192	0	0	-1
35617193	0	0	-1
35617231	0	0	-1
35617232	0	0	-1
35617233	0	0	-1
35617271	0	0	-1
35617272	0	0	-1
35617273	0	0	-1
35617311	0	0	-1
35617312	0	0	-1
35617313	0	0	-1
35617351	0	0	-1
35617352	0	0	-1
35617353	0	0	-1
35617391	0	0	-1
35617392	0	0	-1
35617393	0	0	-1
35617432	0	0	-1
35617433	0	0	-1
35617434	0	0	-1
35617473	0	0	-1
35617474	0	0	-1
35617475	0	0	-1
35617514	0	0	-1
35617515	0	0	-1
35617516	0	0	-1
35617554	0	0	-1
35617555	0	0	-1
35617556	0	0	-1
35617594	0	0	-1
35617595	0	0	-1
35617596	0	0	-1
35617634	0	0	-1
35617635	0	0	-1
35617636	0	0	-1
35617674	0	0	-1
35617675	0	0	-1
35617676	0	0	-1
35617713	0	0	-1
35617714	0	0	-1
35617715	0	0	-1
35617752	0	0	-1
35617753	0	0	-1
35617754	0	0	-1
35617791	0	0	-1
35617792	0	0	-1
35617793	0	0	-1
35617830	0	0	-1
35617831	0	0	-1
35617832	0	0	-1
35617868	0	0	-1
35617869	0	0	-1
35617870	0	0	-1
35617906	0	0	-1
35617907	0	0	-1
35617908	0	0	-1
35617944	0	0	-1
35617945	0	0	-1
35617946	0	0	-1
35617982	0	0	-1
35617983	0	0	-1
35617984	0	0	-1
35618019	0	0	-1
35618020	0	0	-1
35618021	0	0	-1
35618056	0	0	-1
35618057	0	0	-1
35618058	0	0	-1
35618059	0	0	-1
35618092	0	0	-1
35618093	0	0	-1
35618094	0	0	-1
35618095	0	0	-1
35618127	0	0	-1
35618128	0	0	-1
35618129	0	0	-1
35618160	0	0	-1
35618161	0	0	-1
35618162	0	0	-1
35618192	0	0	-1
35618193	0	0	-1
35618194	0	0	-1
35618195	0	0	-1
35618223	0	0	-1
35618224	0	0	-1
35618225	0	0	-1
35618226	0	0	-1
35618253	0	0	-1
35618254	0	0	-1
35618255	0	0	-1
35618281	0	0	-1
35618282	0	0	-1
35618283	0	0	-1
35618698	0	0	-1
35618728	0	0	-1
35618729	0	0	-1
35618730	0	0	-1
35618760	0	0	-1
35618761	0	0	-1
35618762	0	0	-1
35618794	0	0	-1
35618795	0	0	-1
35618796	0	0	-1
35618828	0	0	-1
35618829	0	0	-1
35618830	0	0	-1
35618863	0	0	-1
35618864	0	0	-1
35618865	0	0	-1
35618899	0	0	-1
35618900	0	0	-1
35618901	0	0	-1
35618936	0	0	-1
35618937	0	0	-1
35618938	0	0	-1
35618973	0	0	-1
35618974	0	0	-1
35618975	0	0	-1
35619010	0	0	-1
35619011	0	0	-1
35619047	0	0	-1
35619048	0	0	-1
35619084	0	0	-1
35619085	0	0	-1
35619121	0	0	-1
35619122	0	0	-1
35619123	0	0	-1
35619158	0	0	-1
35619159	0	0	-1
35619160	0	0	-1
35619195	0	0	-1
35619196	0	0	-1
35619197	0	0	-1
35619232	0	0	-1
35619233	0	0	-1
35619234	0	0	-1
35619268	0	0	-1
35619269	0	0	-1
35619270	0	0	-1
35619304	0	0	-1
35619305	0	0	-1
35619306	0	0	-1
35619341	0	0	-1
35619342	0	0	-1
35619343	0	0	-1
35619378	0	0	-1
35619379	0	0	-1
35619380	0	0	-1
35619414	0	0	-1
35619415	0	0	-1
35619416	0	0	-1
35619450	0	0	-1
35619451	0	0	-1
35619452	0	0	-1
35619485	0	0	-1
35619486	0	0	-1
35619487	0	0	-1
35619520	0	0	-1
35619521	0	0	-1
35619522	0	0	-1
35619554	0	0	-1
35619555	0	0	-1
35619556	0	0	-1
35619588	0	0	-1
35619589	0	0	-1
35619590	0	0	-1
35619622	0	0	-1
35619623	0	0	-1
35619624	0	0	-1
35619656	0	0	-1
35619657	0	0	-1
35619658	0	0	-1
35619689	0	0	-1
35619690	0	0	-1
35619691	0	0	-1
35619692	0	0	-1
35619722	0	0	-1
35619723	0	0	-1
35619724	0	0	-1
35619753	0	0	-1
35619754	0	0	-1
35619755	0	0	-1
35619783	0	0	-1
35619784	0	0	-1
35619785	0	0	-1
35619786	0	0	-1
35619813	0	0	-1
35619814	0	0	-1
35619815	0	0	-1
35619816	0	0	-1
35619841	0	0	-1
35619842	0	0	-1
35619843	0	0	-1
35619868	0	0	-1
35619869	0	0	-1
35619870	0	0	-1
35619893	0	0	-1
35619894	0	0	-1
35619895	0	0	-1
35619896	0	0	-1
35619918	0	0	-1
35619919	0	0	-1
35619920	0	0	-1
35620163	0	0	-1
35620186	0	0	-1
35620187	0	0	-1
35620188	0	0	-1
35620189	0	0	-1
35620212	0	0	-1
35620213	0	0	-1
35620214	0	0	-1
35620215	0	0	-1
35620240	0	0	-1
35620241	0	0	-1
35620242	0	0	-1
35620243	0	0	-1
35620270	0	0	-1
35620271	0	0	-1
35620272	0	0	-1
35620273	0	0	-1
35620300	0	0	-1
35620301	0	0	-1
35620302	0	0	-1
35620331	0	0	-1
35620332	0	0	-1
35620333	0	0	-1
35620363	0	0	-1
35620364	0	0	-1
35620365	0	0	-1
35620395	0	0	-1
35620396	0	0	-1
35620428	0	0	-1
35620429	0	0	-1
35620462	0	0	-1
35620463	0	0	-1
35620464	0	0	-1
35620497	0	0	-1
35620498	0	0	-1
35620499	0	0	-1
35620532	0	0	-1
35620533	0	0	-1
35620534	0	0	-1
35620567	0	0	-1
35620568	0	0	-1
35620569	0	0	-1
35620602	0	0	-1
35620603	0	0	-1
35620604	0	0	-1
35620637	0	0	-1
35620638	0	0	-1
35620639	0	0	-1
35620671	0	0	-1
35620672	0	0	-1
35620673	0	0	-1
35620705	0	0	-1
35620706	0	0	-1
35620707	0	0	-1
35620739	0	0	-1
35620740	0	0	-1
35620741	0	0	-1
35620772	0	0	-1
35620773	0	0	-1
35620774	0	0	-1
35620805	0	0	-1
35620806	0	0	-1
35620807	0	0	-1
35620838	0	0	-1
35620839	0	0	-1
35620840	0	0	-1
35620871	0	0	-1
35620872	0	0	-1
35620873	0	0	-1
35620903	0	0	-1
35620904	0	0	-1
35620905	0	0	-1
35620935	0	0	-1
35620936	0	0	-1
35620937	0	0	-1
35620967	0	0	-1
35620968	0	0	-1
35620969	0	0	-1
35620999	0	0	-1
35621000	0	0	-1
35621001	0	0	-1
35621030	0	0	-1
35621031	0	0	-1
35621032	0	0	-1
35621061	0	0	-1
35621062	0	0	-1
35621063	0	0	-1
35621092	0	0	-1
35621093	0	0	-1
35621094	0	0	-1
35621095	0	0	-1
35621123	0	0	-1
35621124	0	0	-1
35621125	0	0	-1
35621153	0	0	-1
35621154	0	0	-1
35621155	0	0	-1
35621181	0	0	-1
35621182	0	0	-1
35621183	0	0	-1
35621184	0	0	-1
35621209	0	0	-1
35621210	0	0	-1
35621211	0	0	-1
35621212	0	0	-1
35621235	0	0	-1
35621236	0	0	-1
35621237	0	0	-1
35621260	0	0	-1
35621261	0	0	-1
35621262	0	0	-1
35621283	0	0	-1
35621284	0	0	-1
35621285	0	0	-1
35621286	0	0	-1
35621306	0	0	-1
35621307	0	0	-1
35621308	0	0	-1
35621309	0	0	-1
35621328	0	0	-1
35621329	0	0	-1
35621330	0	0	-1
35621460	0	0	-1
35621461	0	0	-1
35621462	0	0	-1
35621463	0	0	-1
35621468	0	0	-1
35621481	0	0	-1
35621482	0	0	-1
35621483	0	0	-1
35621484	0	0	-1
35621485	0	0	-1
35621493	0	0	-1
35621504	0	0	-1
35621505	0	0	-1
35621506	0	0	-1
35621507	0	0	-1
35621508	0	0	-1
35621529	0	0	-1
35621530	0	0	-1
35621531	0	0	-1
35621532	0	0	-1
35621554	0	0	-1
35621555	0	0	-1
35621556	0	0	-1
35621557	0	0	-1
35621581	0	0	-1
35621582	0	0	-1
35621583	0	0	-1
35621584	0	0	-1
35621608	0	0	-1
35621609	0	0	-1
35621610	0	0	-1
35621636	0	0	-1
35621637	0	0	-1
35621638	0	0	-1
35621666	0	0	-1
35621667	0	0	-1
35621668	0	0	-1
35621696	0	0	-1
35621697	0	0	-1
35621698	0	0	-1
35621727	0	0	-1
35621728	0	0	-1
35621729	0	0	-1
35621758	0	0	-1
35621759	0	0	-1
35621760	0	0	-1
35621789	0	0	-1
35621790	0	0	-1
35621791	0	0	-1
35621820	0	0	-1
35621821	0	0	-1
35621822	0	0	-1
35621851	0	0	-1
35621852	0	0	-1
35621853	0	0	-1
35621883	0	0	-1
35621884	0	0	-1
35621885	0	0	-1
35621915	0	0	-1
35621916	0	0	-1
35621917	0	0	-1
35621946	0	0	-1
35621947	0	0	-1
35621948	0	0	-1
35621977	0	0	-1
35621978	0	0	-1
35621979	0	0	-1
35622008	0	0	-1
35622009	0	0	-1
35622010	0	0	-1
35622038	0	0	-1
35622039	0	0	-1
35622040	0	0	-1
35622068	0	0	-1
35622069	0	0	-1
35622070	0	0	-1
35622098	0	0	-1
35622099	0	0	-1
35622100	0	0	-1
35622128	0	0	-1
35622129	0	0	-1
35622130	0	0	-1
35622157	0	0	-1
35622158	0	0	-1
35622159	0	0	-1
35622186	0	0	-1
35622187	0	0	-1
35622188	0	0	-1
35622215	0	0	-1
35622216	0	0	-1
35622217	0	0	-1
35622244	0	0	-1
35622245	0	0	-1
35622246	0	0	-1
35622272	0	0	-1
35622273	0	0	-1
35622274	0	0	-1
35622300	0	0	-1
35622301	0	0	-1
35622302	0	0	-1
35622328	0	0	-1
35622329	0	0	-1
35622330	0	0	-1
35622354	0	0	-1
35622355	0	0	-1
35622356	0	0	-1
35622357	0	0	-1
35622380	0	0	-1
35622381	0	0	-1
35622382	0	0	-1
35622383	0	0	-1
35622405	0	0	-1
35622406	0	0	-1
35622407	0	0	-1
35622428	0	0	-1
35622429	0	0	-1
35622430	0	0	-1
35622450	0	0	-1
35622451	0	0	-1
35622452	0	0	-1
35622453	0	0	-1
35622454	0	0	-1
35622455	0	0	-1
35622456	0	0	-1
35622457	0	0	-1
35622460	0	0	-1
35622461	0	0	-1
35622471	0	0	-1
35622472	0	0	-1
35622473	0	0	-1
35622474	0	0	-1
35622475	0	0	-1
35622476	0	0	-1
35622477	0	0	-1
35622478	0	0	-1
35622479	0	0	-1
35622491	0	0	-1
35622492	0	0	-1
35622493	0	0	-1
35622494	0	0	-1
35622495	0	0	-1
35622496	0	0	-1
35622509	0	0	-1
35622510	0	0	-1
35622535	0	0	-1
35622536	0	0	-1
35622537	0	0	-1
35622538	0	0	-1
35622539	0	0	-1
35622540	0	0	-1
35622541	0	0	-1
35622544	0	0	-1
35622545	0	0	-1
35622546	0	0	-1
35622547	0	0	-1
35622548	0	0	-1
35622549	0	0	-1
35622550	0	0	-1
35622551	0	0	-1
35622552	0	0	-1
35622553	0	0	-1
35622554	0	0	-1
35622557	0	0	-1
35622558	0	0	-1
35622559	0	0	-1
35622560	0	0	-1
35622561	0	0	-1
35622562	0	0	-1
35622563	0	0	-1
35622564	0	0	-1
35622565	0	0	-1
35622566	0	0	-1
35622567	0	0	-1
35622568	0	0	-1
35622569	0	0	-1
35622570	0	0	-1
35622574	0	0	-1
35622575	0	0	-1
35622576	0	0	-1
35622577	0	0	-1
35622578	0	0	-1
35622580	0	0	-1
35622581	0	0	-1
35622582	0	0	-1
35622583	0	0	-1
35622584	0	0	-1
35622585	0	0	-1
35622586	0	0	-1
35622587	0	0	-1
35622588	0	0	-1
35622589	0	0	-1
35622595	0	0	-1
35622596	0	0	-1
35622597	0	0	-1
35622598	0	0	-1
35622604	0	0	-1
35622605	0	0	-1
35622606	0	0	-1
35622607	0	0	-1
35622608	0	0	-1
35622609	0	0	-1
35622610	0	0	-1
35622611	0	0	-1
35622617	0	0	-1
35622618	0	0	-1
35622619	0	0	-1
35622620	0	0	-1
35622630	0	0	-1
35622631	0	0	-1
35622632	0	0	-1
35622633	0	0	-1
35622634	0	0	-1
35622635	0	0	-1
35622641	0	0	-1
35622642	0	0	-1
35622643	0	0	-1
35622644	0	0	-1
35622658	0	0	-1
35622659	0	0	-1
35622660	0	0	-1
35622661	0	0	-1
35622667	0	0	-1
35622668	0	0	-1
35622669	0	0	-1
35622670	0	0	-1
35622687	0	0	-1
35622688	0	0	-1
35622693	0	0	-1
35622694	0	0	-1
35622695	0	0	-1
35622720	0	0	-1
35622721	0	0	-1
35622722	0	0	-1
35622748	0	0	-1
35622749	0	0	-1
35622750	0	0	-1
35622776	0	0	-1
35622777	0	0	-1
35622804	0	0	-1
35622805	0	0	-1
35622832	0	0	-1
35622833	0	0	-1
35622834	0	0	-1
35622860	0	0	-1
35622861	0	0	-1
35622862	0	0	-1
35622888	0	0	-1
35622889	0	0	-1
35622890	0	0	-1
35622916	0	0	-1
35622917	0	0	-1
35622918	0	0	-1
35622944	0	0	-1
35622945	0	0	-1
35622946	0	0	-1
35622971	0	0	-1
35622972	0	0	-1
35622973	0	0	-1
35622998	0	0	-1
35622999	0	0	-1
35623000	0	0	-1
35623025	0	0	-1
35623026	0	0	-1
35623027	0	0	-1
35623052	0	0	-1
35623053	0	0	-1
35623054	0	0	-1
35623079	0	0	-1
35623080	0	0	-1
35623081	0	0	-1
35623106	0	0	-1
35623107	0	0	-1
35623108	0	0	-1
35623133	0	0	-1
35623134	0	0	-1
35623135	0	0	-1
35623159	0	0	-1
35623160	0	0	-1
35623161	0	0	-1
35623185	0	0	-1
35623186	0	0	-1
35623187	0	0	-1
35623211	0	0	-1
35623212	0	0	-1
35623213	0	0	-1
35623237	0	0	-1
35623238	0	0	-1
35623239	0	0	-1
35623262	0	0	-1
35623263	0	0	-1
35623264	0	0	-1
35623287	0	0	-1
35623288	0	0	-1
35623289	0	0	-1
35623290	0	0	-1
35623304	0	0	-1
35623305	0	0	-1
35623311	0	0	-1
35623312	0	0	-1
35623313	0	0	-1
35623314	0	0	-1
35623323	0	0	-1
35623324	0	0	-1
35623325	0	0	-1
35623326	0	0	-1
35623327	0	0	-1
35623334	0	0	-1
35623335	0	0	-1
35623336	0	0	-1
35623341	0	0	-1
35623342	0	0	-1
35623343	0	0	-1
35623344	0	0	-1
35623345	0	0	-1
35623346	0	0	-1
35623347	0	0	-1
35623348	0	0	-1
35623355	0	0	-1
35623356	0	0	-1
35623357	0	0	-1
35623358	0	0	-1
35623359	0	0	-1
35623360	0	0	-1
35623361	0	0	-1
35623362	0	0	-1
35623363	0	0	-1
35623364	0	0	-1
35623365	0	0	-1
35623366	0	0	-1
35623367	0	0	-1
35623375	0	0	-1
35623376	0	0	-1
35623377	0	0	-1
35623378	0	0	-1
35623379	0	0	-1
35623380	0	0	-1
35623381	0	0	-1
35623382	0	0	-1
35623383	0	0	-1
35623384	0	0	-1
35623385	0	0	-1
35623386	0	0	-1
35623393	0	0	-1
35623394	0	0	-1
35623395	0	0	-1
35623396	0	0	-1
35623397	0	0	-1
35623398	0	0	-1
35623399	0	0	-1
35623400	0	0	-1
35623401	0	0	-1
35623402	0	0	-1
35623406	0	0	-1
35623407	0	0	-1
35623408	0	0	-1
35623409	0	0	-1
35623410	0	0	-1
35623411	0	0	-1
35623412	0	0	-1
35623413	0	0	-1
35623414	0	0	-1
35623415	0	0	-1
35623416	0	0	-1
35623417	0	0	-1
35623418	0	0	-1
35623419	0	0	-1
35623420	0	0	-1
35623421	0	0	-1
35623422	0	0	-1
35623423	0	0	-1
35623424	0	0	-1
35623425	0	0	-1
35623426	0	0	-1
35623427	0	0	-1
35623428	0	0	-1
35623429	0	0	-1
35623430	0	0	-1
35623431	0	0	-1
35623432	0	0	-1
35623433	0	0	-1
35623434	0	0	-1
35623435	0	0	-1
35623436	0	0	-1
35623437	0	0	-1
35623438	0	0	-1
35623439	0	0	-1
35623440	0	0	-1
35623441	0	0	-1
35623442	0	0	-1
35623443	0	0	-1
35623444	0	0	-1
35623445	0	0	-1
35623446	0	0	-1
35623447	0	0	-1
35623448	0	0	-1
35623449	0	0	-1
35623450	0	0	-1
35623451	0	0	-1
35623452	0	0	-1
35623453	0	0	-1
35623454	0	0	-1
35623455	0	0	-1
35623456	0	0	-1
35623457	0	0	-1
35623458	0	0	-1
35623459	0	0	-1
35623460	0	0	-1
35623461	0	0	-1
35623462	0	0	-1
35623463	0	0	-1
35623464	0	0	-1
35623465	0	0	-1
35623466	0	0	-1
35623467	0	0	-1
35623472	0	0	-1
35623473	0	0	-1
35623474	0	0	-1
35623475	0	0	-1
35623476	0	0	-1
35623477	0	0	-1
35623478	0	0	-1
35623479	0	0	-1
35623480	0	0	-1
35623481	0	0	-1
35623482	0	0	-1
35623483	0	0	-1
35623486	0	0	-1
35623487	0	0	-1
35623488	0	0	-1
35623489	0	0	-1
35623497	0	0	-1
35623498	0	0	-1
35623499	0	0	-1
35623500	0	0	-1
35623501	0	0	-1
35623502	0	0	-1
35623503	0	0	-1
35623504	0	0	-1
35623505	0	0	-1
35623506	0	0	-1
35623509	0	0	-1
35623510	0	0	-1
35623511	0	0	-1
35623523	0	0	-1
35623524	0	0	-1
35623525	0	0	-1
35623526	0	0	-1
35623527	0	0	-1
35623528	0	0	-1
35623529	0	0	-1
35623530	0	0	-1
35623533	0	0	-1
35623534	0	0	-1
35623535	0	0	-1
35623550	0	0	-1
35623551	0	0	-1
35623552	0	0	-1
35623553	0	0	-1
35623554	0	0	-1
35623555	0	0	-1
35623559	0	0	-1
35623560	0	0	-1
35623561	0	0	-1
35623579	0	0	-1
35623580	0	0	-1
35623581	0	0	-1
35623582	0	0	-1
35623585	0	0	-1
35623586	0	0	-1
35623587	0	0	-1
35623606	0	0	-1
35623607	0	0	-1
35623608	0	0	-1
35623611	0	0	-1
35623612	0	0	-1
35623613	0	0	-1
35623632	0	0	-1
35623633	0	0	-1
35623634	0	0	-1
35623637	0	0	-1
35623638	0	0	-1
35623639	0	0	-1
35623657	0	0	-1
35623658	0	0	-1
35623659	0	0	-1
35623660	0	0	-1
35623662	0	0	-1
35623663	0	0	-1
35623664	0	0	-1
35623681	0	0	-1
35623682	0	0	-1
35623683	0	0	-1
35623684	0	0	-1
35623685	0	0	-1
35623687	0	0	-1
35623688	0	0	-1
35623689	0	0	-1
35623706	0	0	-1
35623707	0	0	-1
35623708	0	0	-1
35623709	0	0	-1
35623710	0	0	-1
35623712	0	0	-1
35623713	0	0	-1
35623714	0	0	-1
35623731	0	0	-1
35623732	0	0	-1
35623733	0	0	-1
35623734	0	0	-1
35623735	0	0	-1
35623737	0	0	-1
35623738	0	0	-1
35623739	0	0	-1
35623755	0	0	-1
35623756	0	0	-1
35623757	0	0	-1
35623758	0	0	-1
35623759	0	0	-1
35623761	0	0	-1
35623762	0	0	-1
35623763	0	0	-1
35623779	0	0	-1
35623780	0	0	-1
35623781	0	0	-1
35623782	0	0	-1
35623783	0	0	-1
35623785	0	0	-1
35623786	0	0	-1
35623787	0	0	-1
35623803	0	0	-1
35623804	0	0	-1
35623805	0	0	-1
35623806	0	0	-1
35623807	0	0	-1
35623809	0	0	-1
35623810	0	0	-1
35623826	0	0	-1
35623827	0	0	-1
35623828	0	0	-1
35623829	0	0	-1
35623830	0	0	-1
35623832	0	0	-1
35623833	0	0	-1
35623834	0	0	-1
35623849	0	0	-1
35623850	0	0	-1
35623851	0	0	-1
35623852	0	0	-1
35623853	0	0	-1
35623855	0	0	-1
35623856	0	0	-1
35623857	0	0	-1
35623872	0	0	-1
35623873	0	0	-1
35623874	0	0	-1
35623875	0	0	-1
35623876	0	0	-1
35623878	0	0	-1
35623879	0	0	-1
35623880	0	0	-1
35623893	0	0	-1
35623894	0	0	-1
35623895	0	0	-1
35623896	0	0	-1
35623897	0	0	-1
35623898	0	0	-1
35623899	0	0	-1
35623901	0	0	-1
35623902	0	0	-1
35623903	0	0	-1
35623913	0	0	-1
35623914	0	0	-1
35623915	0	0	-1
35623916	0	0	-1
35623917	0	0	-1
35623918	0	0	-1
35623919	0	0	-1
35623920	0	0	-1
35623923	0	0	-1
35623924	0	0	-1
35623925	0	0	-1
35623934	0	0	-1
35623935	0	0	-1
35623936	0	0	-1
35623937	0	0	-1
35623938	0	0	-1
35623939	0	0	-1
35623940	0	0	-1
35623941	0	0	-1
35623942	0	0	-1
35623946	0	0	-1
35623947	0	0	-1
35623948	0	0	-1
35623955	0	0	-1
35623956	0	0	-1
35623957	0	0	-1
35623958	0	0	-1
35623959	0	0	-1
35623960	0	0	-1
35623961	0	0	-1
35623962	0	0	-1
35623963	0	0	-1
35623964	0	0	-1
35623965	0	0	-1
35623969	0	0	-1
35623970	0	0	-1
35623971	0	0	-1
35623977	0	0	-1
35623978	0	0	-1
35623979	0	0	-1
35623980	0	0	-1
35623981	0	0	-1
35623982	0	0	-1
35623983	0	0	-1
35623984	0	0	-1
35623985	0	0	-1
35623986	0	0	-1
35623987	0	0	-1
35623992	0	0	-1
35623993	0	0	-1
35623994	0	0	-1
35623996	0	0	-1
35623997	0	0	-1
35623998	0	0	-1
35623999	0	0	-1
35624000	0	0	-1
35624001	0	0	-1
35624002	0	0	-1
35624003	0	0	-1
35624004	0	0	-1
35624005	0	0	-1
35624006	0	0	-1
35624007	0	0	-1
35624008	0	0	-1
35624009	0	0	-1
35624013	0	0	-1
35624014	0	0	-1
35624015	0	0	-1
35624016	0	0	-1
35624017	0	0	-1
35624018	0	0	-1
35624019	0	0	-1
35624020	0	0	-1
35624021	0	0	-1
35624022	0	0	-1
35624023	0	0	-1
35624024	0	0	-1
35624025	0	0	-1
35624026	0	0	-1
35624027	0	0	-1
35624028	0	0	-1
35624029	0	0	-1
35624032	0	0	-1
35624033	0	0	-1
35624034	0	0	-1
35624035	0	0	-1
35624036	0	0	-1
35624037	0	0	-1
35624038	0	0	-1
35624039	0	0	-1
35624040	0	0	-1
35624041	0	0	-1
35624042	0	0	-1
35624043	0	0	-1
35624044	0	0	-1
35624045	0	0	-1
35624046	0	0	-1
35624047	0	0	-1
35624048	0	0	-1
35624049	0	0	-1
35624050	0	0	-1
35624051	0	0	-1
35624052	0	0	-1
35624053	0	0	-1
35624054	0	0	-1
35624055	0	0	-1
35624056	0	0	-1
35624057	0	0	-1
35624058	0	0	-1
35624059	0	0	-1
35624060	0	0	-1
35624061	0	0	-1
35624062	0	0	-1
35624063	0	0	-1
35624064	0	0	-1
35624065	0	0	-1
35624066	0	0	-1
35624067	0	0	-1
35624068	0	0	-1
35624069	0	0	-1
35624070	0	0	-1
35624071	0	0	-1
35624072	0	0	-1
35624073	0	0	-1
35624074	0	0	-1
35624075	0	0	-1
35624076	0	0	-1
35624077	0	0	-1
35624078	0	0	-1
35624079	0	0	-1
35624080	0	0	-1
35624081	0	0	-1
35624082	0	0	-1
35624083	0	0	-1
35624084	0	0	-1
35624085	0	0	-1
35624086	0	0	-1
35624087	0	0	-1
35624088	0	0	-1
35624089	0	0	-1
35624090	0	0	-1
35624091	0	0	-1
35624092	0	0	-1
35624093	0	0	-1
35624094	0	0	-1
35624095	0	0	-1
35624096	0	0	-1
35624097	0	0	-1
35624098	0	0	-1
35624099	0	0	-1
35624100	0	0	-1
35624101	0	0	-1
35624102	0	0	-1
35624103	0	0	-1
35624104	0	0	-1
35624105	0	0	-1
35624106	0	0	-1
35624107	0	0	-1
35624108	0	0	-1
35624109	0	0	-1
35624110	0	0	-1
35624111	0	0	-1
35624112	0	0	-1
35624114	0	0	-1
35624115	0	0	-1
35624116	0	0	-1
35624117	0	0	-1
35624118	0	0	-1
35624119	0	0	-1
35624120	0	0	-1
35624121	0	0	-1
35624122	0	0	-1
35624123	0	0	-1
35624124	0	0	-1
35624125	0	0	-1
35624126	0	0	-1
35624127	0	0	-1
35624128	0	0	-1
35624129	0	0	-1
35624130	0	0	-1
35624136	0	0	-1
35624137	0	0	-1
35624138	0	0	-1
35624139	0	0	-1
35624140	0	0	-1
35624141	0	0	-1
35624142	0	0	-1
35624143	0	0	-1
35624144	0	0	-1
35624145	0	0	-1
35624146	0	0	-1
35624147	0	0	-1
35624148	0	0	-1
35624149	0	0	-1
35624150	0	0	-1
35624159	0	0	-1
35624160	0	0	-1
35624161	0	0	-1
35624162	0	0	-1
35624163	0	0	-1
35624164	0	0	-1
35624165	0	0	-1
35624166	0	0	-1
35624167	0	0	-1
35624168	0	0	-1
35624169	0	0	-1
35624170	0	0	-1
35624179	0	0	-1
35624180	0	0	-1
35624181	0	0	-1
35624182	0	0	-1
35624183	0	0	-1
35624184	0	0	-1
35624185	0	0	-1
35624186	0	0	-1
35624187	0	0	-1
35624188	0	0	-1
35624189	0	0	-1
35624190	0	0	-1
35624199	0	0	-1
35624200	0	0	-1
35624201	0	0	-1
35624202	0	0	-1
35624203	0	0	-1
35624204	0	0	-1
35624205	0	0	-1
35624206	0	0	-1
35624207	0	0	-1
35624208	0	0	-1
35624209	0	0	-1
35624210	0	0	-1
35624218	0	0	-1
35624219	0	0	-1
35624220	0	0	-1
35624221	0	0	-1
35624222	0	0	-1
35624223	0	0	-1
35624224	0	0	-1
35624225	0	0	-1
35624226	0	0	-1
35624227	0	0	-1
35624228	0	0	-1
35624229	0	0	-1
35624237	0	0	-1
35624238	0	0	-1
35624239	0	0	-1
35624240	0	0	-1
35624241	0	0	-1
35624242	0	0	-1
35624243	0	0	-1
35624244	0	0	-1
35624245	0	0	-1
35624246	0	0	-1
35624247	0	0	-1
35624255	0	0	-1
35624256	0	0	-1
35624257	0	0	-1
35624258	0	0	-1
35624259	0	0	-1
35624260	0	0	-1
35624261	0	0	-1
35624262	0	0	-1
35624263	0	0	-1
35624264	0	0	-1
35624265	0	0	-1
35624272	0	0	-1
35624273	0	0	-1
35624274	0	0	-1
35624275	0	0	-1
35624276	0	0	-1
35624277	0	0	-1
35624278	0	0	-1
35624279	0	0	-1
35624280	0	0	-1
35624281	0	0	-1
35624282	0	0	-1
35624283	0	0	-1
35624287	0	0	-1
35624288	0	0	-1
35624289	0	0	-1
35624290	0	0	-1
35624291	0	0	-1
35624292	0	0	-1
35624293	0	0	-1
35624294	0	0	-1
35624295	0	0	-1
35624296	0	0	-1
35624297	0	0	-1
35624298	0	0	-1
35624299	0	0	-1
35624300	0	0	-1
35624302	0	0	-1
35624303	0	0	-1
35624304	0	0	-1
35624305	0	0	-1
35624306	0	0	-1
35624307	0	0	-1
35624308	0	0	-1
35624309	0	0	-1
35624310	0	0	-1
35624311	0	0	-1
35624312	0	0	-1
35624313	0	0	-1
35624314	0	0	-1
35624315	0	0	-1
35624316	0	0	-1
35624317	0	0	-1
35624318	0	0	-1
35624319	0	0	-1
35624320	0	0	-1
35624321	0	0	-1
35624322	0	0	-1
35624323	0	0	-1
35624324	0	0	-1
35624325	0	0	-1
35624326	0	0	-1
35624327	0	0	-1
35624328	0	0	-1
35624329	0	0	-1
35624330	0	0	-1
35624331	0	0	-1
35624332	0	0	-1
35624333	0	0	-1
35624334	0	0	-1
35624335	0	0	-1
35624336	0	0	-1
35624337	0	0	-1
35624338	0	0	-1
35624339	0	0	-1
35624340	0	0	-1
35624341	0	0	-1
35624342	0	0	-1
35624343	0	0	-1
35624344	0	0	-1
35624345	0	0	-1
35624346	0	0	-1
35624347	0	0	-1
35624348	0	0	-1
35624349	0	0	-1
35624350	0	0	-1
35624351	0	0	-1
35624352	0	0	-1
35624353	0	0	-1
35624354	0	0	-1
35624355	0	0	-1
35624356	0	0	-1
35624357	0	0	-1
35624358	0	0	-1
35624359	0	0	-1
35624360	0	0	-1
35624361	0	0	-1
35624362	0	0	-1
35624363	0	0	-1
35624364	0	0	-1
35624365	0	0	-1
35624366	0	0	-1
35624367	0	0	-1
35624368	0	0	-1
35624369	0	0	-1
35624370	0	0	-1
35624371	0	0	-1
35624372	0	0	-1
35624373	0	0	-1
35624374	0	0	-1
35624375	0	0	-1
35624376	0	0	-1
35624377	0	0	-1
35624378	0	0	-1
35624379	0	0	-1
35624380	0	0	-1
35624381	0	0	-1
35624382	0	0	-1
35624383	0	0	-1
35624384	0	0	-1
35624385	0	0	-1
35624386	0	0	-1
35624387	0	0	-1
35624388	0	0	-1
35624389	0	0	-1
35624390	0	0	-1
35624391	0	0	-1
35624392	0	0	-1
35624393	0	0	-1
35624394	0	0	-1
35624395	0	0	-1
35624396	0	0	-1
35624397	0	0	-1
35624398	0	0	-1
35624399	0	0	-1
35624400	0	0	-1
35624401	0	0	-1
35624402	0	0	-1
35624403	0	0	-1
35624404	0	0	-1
35624405	0	0	-1
35624406	0	0	-1
35624407	0	0	-1
35624408	0	0	-1
35624409	0	0	-1
35624410	0	0	-1
35624411	0	0	-1
35624412	0	0	-1
35624413	0	0	-1
35624414	0	0	-1
35624415	0	0	-1
35624416	0	0	-1
35624417	0	0	-1
35624418	0	0	-1
35624419	0	0	-1
35624420	0	0	-1
35624421	0	0	-1
35624422	0	0	-1
35624423	0	0	-1
35624424	0	0	-1
35624425	0	0	-1
35624426	0	0	-1
35624427	0	0	-1
35624428	0	0	-1
35624429	0	0	-1
35624430	0	0	-1
35624431	0	0	-1
35624432	0	0	-1
35624433	0	0	-1
35624434	0	0	-1
35624435	0	0	-1
35624436	0	0	-1
35624437	0	0	-1
35624438	0	0	-1
35624439	0	0	-1
35624440	0	0	-1
35624441	0	0	-1
35624442	0	0	-1
35624443	0	0	-1
35624444	0	0	-1
35624445	0	0	-1
35624446	0	0	-1
35624447	0	0	-1
35624448	0	0	-1
35624449	0	0	-1
35624450	0	0	-1
35624451	0	0	-1
35624452	0	0	-1
35624453	0	0	-1
35624454	0	0	-1
35624455	0	0	-1
35624456	0	0	-1
35624457	0	0	-1
35624458	0	0	-1
35624459	0	0	-1
35624460	0	0	-1
35624461	0	0	-1
35624462	0	0	-1
35624463	0	0	-1
35624464	0	0	-1
35624465	0	0	-1
35624466	0	0	-1
35624467	0	0	-1
35624468	0	0	-1
35624469	0	0	-1
35624470	0	0	-1
35624471	0	0	-1
35624472	0	0	-1
35624473	0	0	-1
35624474	0	0	-1
35624475	0	0	-1
35624476	0	0	-1
35624477	0	0	-1
35624478	0	0	-1
35624479	0	0	-1
35624480	0	0	-1
35624481	0	0	-1
35624482	0	0	-1
35624483	0	0	-1
35624484	0	0	-1
35624485	0	0	-1
35624486	0	0	-1
35624487	0	0	-1
35624488	0	0	-1
35624489	0	0	-1
35624490	0	0	-1
35624491	0	0	-1
35624492	0	0	-1
35624493	0	0	-1
35624494	0	0	-1
35624495	0	0	-1
35624496	0	0	-1
35624497	0	0	-1
35624498	0	0	-1
35624499	0	0	-1
35624500	0	0	-1
35624501	0	0	-1
35624502	0	0	-1
35624503	0	0	-1
35624504	0	0	-1
35624505	0	0	-1
35624506	0	0	-1
35624507	0	0	-1
35624508	0	0	-1
35624509	0	0	-1
35624510	0	0	-1
35624511	0	0	-1
35624512	0	0	-1
35624513	0	0	-1
35624514	0	0	-1
35624515	0	0	-1
35624516	0	0	-1
35624517	0	0	-1
35624518	0	0	-1
35624519	0	0	-1
35624520	0	0	-1
35624521	0	0	-1
35624522	0	0	-1
35624523	0	0	-1
35624524	0	0	-1
35624525	0	0	-1
35624526	0	0	-1
35624527	0	0	-1
35624528	0	0	-1
35624529	0	0	-1
35624530	0	0	-1
35624531	0	0	-1
35624532	0	0	-1
35624533	0	0	-1
35624534	0	0	-1
35624535	0	0	-1
35624536	0	0	-1
35624537	0	0	-1
35624538	0	0	-1