19188735	1	1	0
19188736	1	1	0
19188737	1	1	0
19188738	1	1	0
19188739	1	1	0
19188740	1	1	0
19188741	1	1	0
19188944	1	1	0
19189146	1	1	0
19189348	1	1	0
19189549	1	1	0
19189749	1	1	0
19189949	1	1	0
19211155	1	1	0
19211156	1	1	0
19211157	1	1	0
19211158	1	1	0
19211159	1	1	0
19211160	1	1	0
19211161	1	1	0
19211162	1	1	0
19211163	1	1	0
19211366	1	1	0
19211568	1	1	0
19211770	1	1	0
19211971	1	1	0
19212171	1	1	0
19212371	1	1	0
19212569	1	1	0
19212767	1	1	0
19233575	1	1	0
19233576	1	1	0
19233577	1	1	0
19233578	1	1	0
19233579	1	1	0
19233580	1	1	0
19233581	1	1	0
19233582	1	1	0
19233583	1	1	0
19233584	1	1	0
19233585	1	1	0
19233788	1	1	0
19233990	1	1	0
19234192	1	1	0
19234393	1	1	0
19234593	1	1	0
19234793	1	1	0
19234991	1	1	0
19235189	1	1	0
19235386	1	1	0
19235582	1	1	0
19255996	1	1	0
19255997	1	1	0
19255998	1	1	0
19255999	1	1	0
19256000	1	1	0
19256001	1	1	0
19256002	1	1	0
19256003	1	1	0
19256004	1	1	0
19256005	1	1	0
19256006	1	1	0
19256007	1	1	0
19256210	1	1	0
19256412	1	1	0
19256614	1	1	0
19256815	1	1	0
19257015	1	1	0
19257215	1	1	0
19257413	1	1	0
19257611	1	1	0
19257808	1	1	0
19258004	1	1	0
19258200	1	1	0
19278417	1	1	0
19278418	1	1	0
19278419	1	1	0
19278420	1	1	0
19278421	1	1	0
19278422	1	1	0
19278423	1	1	0
19278424	1	1	0
19278425	1	1	0
19278426	1	1	0
19278427	1	1	0
19278428	1	1	0
19278429	1	1	0
19278632	1	1	0
19278834	1	1	0
19279036	1	1	0
19279237	1	1	0
19279437	1	1	0
19279637	1	1	0
19279835	1	1	0
19280033	1	1	0
19280230	1	1	0
19280426	1	1	0
19280622	1	1	0
19280816	1	1	0
19300837	1	1	0
19300838	1	1	0
19300839	1	1	0
19300840	1	1	0
19300841	1	1	0
19300842	1	1	0
19300843	1	1	0
19300844	1	1	0
19300845	1	1	0
19300846	1	1	0
19300847	1	1	0
19300848	1	1	0
19300849	1	1	0
19300850	1	1	0
19301053	1	1	0
19301255	1	1	0
19301457	1	1	0
19301658	1	1	0
19301858	1	1	0
19302058	1	1	0
19302256	1	1	0
19302454	1	1	0
19302651	1	1	0
19302847	1	1	0
19303043	1	1	0
19303237	1	1	0
19303431	1	1	0
19323257	1	1	0
19323258	1	1	0
19323259	1	1	0
19323260	1	1	0
19323261	1	1	0
19323262	1	1	0
19323263	1	1	0
19323264	1	1	0
19323265	1	1	0
19323266	1	1	0
19323267	1	1	0
19323268	1	1	0
19323269	1	1	0
19323270	1	1	0
19323271	1	1	0
19323474	1	1	0
19323676	1	1	0
19323878	1	1	0
19324079	1	1	0
19324279	1	1	0
19324479	1	1	0
19324677	1	1	0
19324875	1	1	0
19325072	1	1	0
19325268	1	1	0
19325464	1	1	0
19325658	1	1	0
19325852	1	1	0
19326044	1	1	0
19345677	1	1	0
19345678	1	1	0
19345679	1	1	0
19345680	1	1	0
19345681	1	1	0
19345682	1	1	0
19345683	1	1	0
19345684	1	1	0
19345685	1	1	0
19345686	1	1	0
19345687	1	1	0
19345688	1	1	0
19345689	1	1	0
19345690	1	1	0
19345691	1	1	0
19345894	1	1	0
19346096	1	1	0
19346298	1	1	0
19346499	1	1	0
19346699	1	1	0
19346899	1	1	0
19347097	1	1	0
19347295	1	1	0
19347492	1	1	0
19347688	1	1	0
19347884	1	1	0
19348078	1	1	0
19348272	1	1	0
19348464	1	1	0
19368098	1	1	0
19368099	1	1	0
19368100	1	1	0
19368101	1	1	0
19368102	1	1	0
19368103	1	1	0
19368104	1	1	0
19368105	1	1	0
19368106	1	1	0
19368107	1	1	0
19368108	1	1	0
19368109	1	1	0
19368110	1	1	0
19368111	1	1	0
19368112	1	1	0
19368113	1	1	0
19368316	1	1	0
19368518	1	1	0
19368720	1	1	0
19368921	1	1	0
19369121	1	1	0
19369321	1	1	0
19369519	1	1	0
19369717	1	1	0
19369914	1	1	0
19370110	1	1	0
19370306	1	1	0
19370500	1	1	0
19370694	1	1	0
19370886	1	1	0
19371078	1	1	0
19390520	1	1	0
19390521	1	1	0
19390522	1	1	0
19390523	1	1	0
19390524	1	1	0
19390525	1	1	0
19390526	1	1	0
19390527	1	1	0
19390528	1	1	0
19390529	1	1	0
19390530	1	1	0
19390531	1	1	0
19390532	1	1	0
19390533	1	1	0
19390534	1	1	0
19390535	1	1	0
19390738	1	1	0
19390940	1	1	0
19391142	1	1	0
19391343	1	1	0
19391543	1	1	0
19391743	1	1	0
19391941	1	1	0
19392139	1	1	0
19392336	1	1	0
19392532	1	1	0
19392728	1	1	0
19392922	1	1	0
19393116	1	1	0
19393308	1	1	0
19393500	1	1	0
19412941	1	1	0
19412942	1	1	0
19412943	1	1	0
19412944	1	1	0
19412945	1	1	0
19412946	1	1	0
19412947	1	1	0
19412948	1	1	0
19412949	1	1	0
19412950	1	1	0
19412951	1	1	0
19412952	1	1	0
19412953	1	1	0
19412954	1	1	0
19412955	1	1	0
19412956	1	1	0
19412957	1	1	0
19413160	1	1	0
19413362	1	1	0
19413564	1	1	0
19413765	1	1	0
19413965	1	1	0
19414165	1	1	0
19414363	1	1	0
19414561	1	1	0
19414758	1	1	0
19414954	1	1	0
19415150	1	1	0
19415344	1	1	0
19415538	1	1	0
19415730	1	1	0
19415922	1	1	0
19416112	1	1	0
19435362	1	1	0
19435363	1	1	0
19435364	1	1	0
19435365	1	1	0
19435366	1	1	0
19435367	1	1	0
19435368	1	1	0
19435369	1	1	0
19435370	1	1	0
19435371	1	1	0
19435372	1	1	0
19435373	1	1	0
19435374	1	1	0
19435375	1	1	0
19435376	1	1	0
19435377	1	1	0
19435378	1	1	0
19435581	1	1	0
19435783	1	1	0
19435985	1	1	0
19436186	1	1	0
19436386	1	1	0
19436586	1	1	0
19436784	1	1	0
19436982	1	1	0
19437179	1	1	0
19437375	1	1	0
19437571	1	1	0
19437765	1	1	0
19437959	1	1	0
19438151	1	1	0
19438343	1	1	0
19438533	1	1	0
19457783	1	1	0
19457784	1	1	0
19457785	1	1	0
19457786	1	1	0
19457787	1	1	0
19457788	1	1	0
19457789	1	1	0
19457790	1	1	0
19457791	1	1	0
19457792	1	1	0
19457793	1	1	0
19457794	1	1	0
19457795	1	1	0
19457796	1	1	0
19457797	1	1	0
19457798	1	1	0
19457799	1	1	0
19458002	1	1	0
19458204	1	1	0
19458406	1	1	0
19458607	1	1	0
19458807	1	1	0
19459007	1	1	0
19459205	1	1	0
19459403	1	1	0
19459600	1	1	0
19459796	1	1	0
19459992	1	1	0
19460186	1	1	0
19460380	1	1	0
19460572	1	1	0
19460764	1	1	0
19460954	1	1	0
19480204	1	1	0
19480205	1	1	0
19480206	1	1	0
19480207	1	1	0
19480208	1	1	0
19480209	1	1	0
19480210	1	1	0
19480211	1	1	0
19480212	1	1	0
19480213	1	1	0
19480214	1	1	0
19480215	1	1	0
19480216	1	1	0
19480217	1	1	0
19480218	1	1	0
19480219	1	1	0
19480220	1	1	0
19480423	1	1	0
19480625	1	1	0
19480827	1	1	0
19481028	1	1	0
19481228	1	1	0
19481428	1	1	0
19481626	1	1	0
19481824	1	1	0
19482021	1	1	0
19482217	1	1	0
19482413	1	1	0
19482607	1	1	0
19482801	1	1	0
19482993	1	1	0
19483185	1	1	0
19483375	1	1	0
19502625	1	1	0
19502626	1	1	0
19502627	1	1	0
19502628	1	1	0
19502629	1	1	0
19502630	1	1	0
19502631	1	1	0
19502632	1	1	0
19502633	1	1	0
19502634	1	1	0
19502635	1	1	0
19502636	1	1	0
19502637	1	1	0
19502638	1	1	0
19502639	1	1	0
19502640	1	1	0
19502641	1	1	0
19502844	1	1	0
19503046	1	1	0
19503248	1	1	0
19503449	1	1	0
19503649	1	1	0
19503849	1	1	0
19504047	1	1	0
19504245	1	1	0
19504442	1	1	0
19504638	1	1	0
19504834	1	1	0
19505028	1	1	0
19505222	1	1	0
19505414	1	1	0
19505606	1	1	0
19505796	1	1	0
19525046	1	1	0
19525047	1	1	0
19525048	1	1	0
19525049	1	1	0
19525050	1	1	0
19525051	1	1	0
19525052	1	1	0
19525053	1	1	0
19525054	1	1	0
19525055	1	1	0
19525056	1	1	0
19525057	1	1	0
19525058	1	1	0
19525059	1	1	0
19525060	1	1	0
19525061	1	1	0
19525062	1	1	0
19525248	1	1	0
19525249	1	1	0
19525250	1	1	0
19525251	1	1	0
19525252	1	1	0
19525253	1	1	0
19525254	1	1	0
19525255	1	1	0
19525256	1	1	0
19525257	1	1	0
19525258	1	1	0
19525259	1	1	0
19525260	1	1	0
19525261	1	1	0
19525262	1	1	0
19525263	1	1	0
19525264	1	1	0
19525265	1	1	0
19525451	1	1	0
19525452	1	1	0
19525453	1	1	0
19525454	1	1	0
19525455	1	1	0
19525456	1	1	0
19525457	1	1	0
19525458	1	1	0
19525459	1	1	0
19525460	1	1	0
19525461	1	1	0
19525462	1	1	0
19525463	1	1	0
19525464	1	1	0
19525465	1	1	0
19525466	1	1	0
19525467	1	1	0
19525653	1	1	0
19525654	1	1	0
19525655	1	1	0
19525656	1	1	0
19525657	1	1	0
19525658	1	1	0
19525659	1	1	0
19525660	1	1	0
19525661	1	1	0
19525662	1	1	0
19525663	1	1	0
19525664	1	1	0
19525665	1	1	0
19525666	1	1	0
19525667	1	1	0
19525668	1	1	0
19525669	1	1	0
19525854	1	1	0
19525855	1	1	0
19525856	1	1	0
19525857	1	1	0
19525858	1	1	0
19525859	1	1	0
19525860	1	1	0
19525861	1	1	0
19525862	1	1	0
19525863	1	1	0
19525864	1	1	0
19525865	1	1	0
19525866	1	1	0
19525867	1	1	0
19525868	1	1	0
19525869	1	1	0
19525870	1	1	0
19526054	1	1	0
19526055	1	1	0
19526056	1	1	0
19526057	1	1	0
19526058	1	1	0
19526059	1	1	0
19526060	1	1	0
19526061	1	1	0
19526062	1	1	0
19526063	1	1	0
19526064	1	1	0
19526065	1	1	0
19526066	1	1	0
19526067	1	1	0
19526068	1	1	0
19526069	1	1	0
19526070	1	1	0
19526254	1	1	0
19526255	1	1	0
19526256	1	1	0
19526257	1	1	0
19526258	1	1	0
19526259	1	1	0
19526260	1	1	0
19526261	1	1	0
19526262	1	1	0
19526263	1	1	0
19526264	1	1	0
19526265	1	1	0
19526266	1	1	0
19526267	1	1	0
19526268	1	1	0
19526269	1	1	0
19526270	1	1	0
19526453	1	1	0
19526454	1	1	0
19526455	1	1	0
19526456	1	1	0
19526457	1	1	0
19526458	1	1	0
19526459	1	1	0
19526460	1	1	0
19526461	1	1	0
19526462	1	1	0
19526463	1	1	0
19526464	1	1	0
19526465	1	1	0
19526466	1	1	0
19526467	1	1	0
19526468	1	1	0
19526651	1	1	0
19526652	1	1	0
19526653	1	1	0
19526654	1	1	0
19526655	1	1	0
19526656	1	1	0
19526657	1	1	0
19526658	1	1	0
19526659	1	1	0
19526660	1	1	0
19526661	1	1	0
19526662	1	1	0
19526663	1	1	0
19526664	1	1	0
19526665	1	1	0
19526666	1	1	0
19526849	1	1	0
19526850	1	1	0
19526851	1	1	0
19526852	1	1	0
19526853	1	1	0
19526854	1	1	0
19526855	1	1	0
19526856	1	1	0
19526857	1	1	0
19526858	1	1	0
19526859	1	1	0
19526860	1	1	0
19526861	1	1	0
19526862	1	1	0
19526863	1	1	0
19527045	1	1	0
19527046	1	1	0
19527047	1	1	0
19527048	1	1	0
19527049	1	1	0
19527050	1	1	0
19527051	1	1	0
19527052	1	1	0
19527053	1	1	0
19527054	1	1	0
19527055	1	1	0
19527056	1	1	0
19527057	1	1	0
19527058	1	1	0
19527059	1	1	0
19527242	1	1	0
19527243	1	1	0
19527244	1	1	0
19527245	1	1	0
19527246	1	1	0
19527247	1	1	0
19527248	1	1	0
19527249	1	1	0
19527250	1	1	0
19527251	1	1	0
19527252	1	1	0
19527253	1	1	0
19527254	1	1	0
19527255	1	1	0
19527437	1	1	0
19527438	1	1	0
19527439	1	1	0
19527440	1	1	0
19527441	1	1	0
19527442	1	1	0
19527443	1	1	0
19527444	1	1	0
19527445	1	1	0
19527446	1	1	0
19527447	1	1	0
19527448	1	1	0
19527449	1	1	0
19527632	1	1	0
19527633	1	1	0
19527634	1	1	0
19527635	1	1	0
19527636	1	1	0
19527637	1	1	0
19527638	1	1	0
19527639	1	1	0
19527640	1	1	0
19527641	1	1	0
19527642	1	1	0
19527643	1	1	0
19527825	1	1	0
19527826	1	1	0
19527827	1	1	0
19527828	1	1	0
19527829	1	1	0
19527830	1	1	0
19527831	1	1	0
19527832	1	1	0
19527833	1	1	0
19527834	1	1	0
19527835	1	1	0
19528019	1	1	0
19528020	1	1	0
19528021	1	1	0
19528022	1	1	0
19528023	1	1	0
19528024	1	1	0
19528025	1	1	0
19528026	1	1	0
19528027	1	1	0
19528211	1	1	0
19528212	1	1	0
19528213	1	1	0
19528214	1	1	0
19528215	1	1	0
19528216	1	1	0
19528217	1	1	0
19528406	1	1	0
19166321	1	-1	0
19188742	1	-1	0
19188743	1	-1	0
19188744	1	-1	0
19188745	1	-1	0
19188746	1	-1	0
19188747	1	-1	0
19188945	1	-1	0
19189147	1	-1	0
19189349	1	-1	0
19189550	1	-1	0
19189750	1	-1	0
19211164	1	-1	0
19211165	1	-1	0
19211166	1	-1	0
19211167	1	-1	0
19211168	1	-1	0
19211169	1	-1	0
19211170	1	-1	0
19211171	1	-1	0
19211367	1	-1	0
19211569	1	-1	0
19211771	1	-1	0
19211972	1	-1	0
19212172	1	-1	0
19212372	1	-1	0
19212570	1	-1	0
19233586	1	-1	0
19233587	1	-1	0
19233588	1	-1	0
19233589	1	-1	0
19233590	1	-1	0
19233591	1	-1	0
19233592	1	-1	0
19233593	1	-1	0
19233594	1	-1	0
19233595	1	-1	0
19233789	1	-1	0
19233991	1	-1	0
19234193	1	-1	0
19234394	1	-1	0
19234594	1	-1	0
19234794	1	-1	0
19234992	1	-1	0
19235190	1	-1	0
19235387	1	-1	0
19256008	1	-1	0
19256009	1	-1	0
19256010	1	-1	0
19256011	1	-1	0
19256012	1	-1	0
19256013	1	-1	0
19256014	1	-1	0
19256015	1	-1	0
19256016	1	-1	0
19256017	1	-1	0
19256018	1	-1	0
19256211	1	-1	0
19256413	1	-1	0
19256615	1	-1	0
19256816	1	-1	0
19257016	1	-1	0
19257216	1	-1	0
19257414	1	-1	0
19257612	1	-1	0
19257809	1	-1	0
19258005	1	-1	0
19278430	1	-1	0
19278431	1	-1	0
19278432	1	-1	0
19278433	1	-1	0
19278434	1	-1	0
19278435	1	-1	0
19278436	1	-1	0
19278437	1	-1	0
19278438	1	-1	0
19278439	1	-1	0
19278440	1	-1	0
19278441	1	-1	0
19278633	1	-1	0
19278835	1	-1	0
19279037	1	-1	0
19279238	1	-1	0
19279438	1	-1	0
19279638	1	-1	0
19279836	1	-1	0
19280034	1	-1	0
19280231	1	-1	0
19280427	1	-1	0
19280623	1	-1	0
19300851	1	-1	0
19300852	1	-1	0
19300853	1	-1	0
19300854	1	-1	0
19300855	1	-1	0
19300856	1	-1	0
19300857	1	-1	0
19300858	1	-1	0
19300859	1	-1	0
19300860	1	-1	0
19300861	1	-1	0
19300862	1	-1	0
19300863	1	-1	0
19301054	1	-1	0
19301256	1	-1	0
19301458	1	-1	0
19301659	1	-1	0
19301859	1	-1	0
19302059	1	-1	0
19302257	1	-1	0
19302455	1	-1	0
19302652	1	-1	0
19302848	1	-1	0
19303044	1	-1	0
19303238	1	-1	0
19323272	1	-1	0
19323273	1	-1	0
19323274	1	-1	0
19323275	1	-1	0
19323276	1	-1	0
19323277	1	-1	0
19323278	1	-1	0
19323279	1	-1	0
19323280	1	-1	0
19323281	1	-1	0
19323282	1	-1	0
19323283	1	-1	0
19323284	1	-1	0
19323285	1	-1	0
19323475	1	-1	0
19323677	1	-1	0
19323879	1	-1	0
19324080	1	-1	0
19324280	1	-1	0
19324480	1	-1	0
19324678	1	-1	0
19324876	1	-1	0
19325073	1	-1	0
19325269	1	-1	0
19325465	1	-1	0
19325659	1	-1	0
19325853	1	-1	0
19345692	1	-1	0
19345693	1	-1	0
19345694	1	-1	0
19345695	1	-1	0
19345696	1	-1	0
19345697	1	-1	0
19345698	1	-1	0
19345699	1	-1	0
19345700	1	-1	0
19345701	1	-1	0
19345702	1	-1	0
19345703	1	-1	0
19345704	1	-1	0
19345705	1	-1	0
19345895	1	-1	0
19346097	1	-1	0
19346299	1	-1	0
19346500	1	-1	0
19346700	1	-1	0
19346900	1	-1	0
19347098	1	-1	0
19347296	1	-1	0
19347493	1	-1	0
19347689	1	-1	0
19347885	1	-1	0
19348079	1	-1	0
19348273	1	-1	0
19368114	1	-1	0
19368115	1	-1	0
19368116	1	-1	0
19368117	1	-1	0
19368118	1	-1	0
19368119	1	-1	0
19368120	1	-1	0
19368121	1	-1	0
19368122	1	-1	0
19368123	1	-1	0
19368124	1	-1	0
19368125	1	-1	0
19368126	1	-1	0
19368127	1	-1	0
19368128	1	-1	0
19368317	1	-1	0
19368519	1	-1	0
19368721	1	-1	0
19368922	1	-1	0
19369122	1	-1	0
19369322	1	-1	0
19369520	1	-1	0
19369718	1	-1	0
19369915	1	-1	0
19370111	1	-1	0
19370307	1	-1	0
19370501	1	-1	0
19370695	1	-1	0
19370887	1	-1	0
19390536	1	-1	0
19390537	1	-1	0
19390538	1	-1	0
19390539	1	-1	0
19390540	1	-1	0
19390541	1	-1	0
19390542	1	-1	0
19390543	1	-1	0
19390544	1	-1	0
19390545	1	-1	0
19390546	1	-1	0
19390547	1	-1	0
19390548	1	-1	0
19390549	1	-1	0
19390550	1	-1	0
19390739	1	-1	0
19390941	1	-1	0
19391143	1	-1	0
19391344	1	-1	0
19391544	1	-1	0
19391744	1	-1	0
19391942	1	-1	0
19392140	1	-1	0
19392337	1	-1	0
19392533	1	-1	0
19392729	1	-1	0
19392923	1	-1	0
19393117	1	-1	0
19393309	1	-1	0
19412958	1	-1	0
19412959	1	-1	0
19412960	1	-1	0
19412961	1	-1	0
19412962	1	-1	0
19412963	1	-1	0
19412964	1	-1	0
19412965	1	-1	0
19412966	1	-1	0
19412967	1	-1	0
19412968	1	-1	0
19412969	1	-1	0
19412970	1	-1	0
19412971	1	-1	0
19412972	1	-1	0
19412973	1	-1	0
19413161	1	-1	0
19413363	1	-1	0
19413565	1	-1	0
19413766	1	-1	0
19413966	1	-1	0
19414166	1	-1	0
19414364	1	-1	0
19414562	1	-1	0
19414759	1	-1	0
19414955	1	-1	0
19415151	1	-1	0
19415345	1	-1	0
19415539	1	-1	0
19415731	1	-1	0
19415923	1	-1	0
19435379	1	-1	0
19435380	1	-1	0
19435381	1	-1	0
19435382	1	-1	0
19435383	1	-1	0
19435384	1	-1	0
19435385	1	-1	0
19435386	1	-1	0
19435387	1	-1	0
19435388	1	-1	0
19435389	1	-1	0
19435390	1	-1	0
19435391	1	-1	0
19435392	1	-1	0
19435393	1	-1	0
19435394	1	-1	0
19435582	1	-1	0
19435784	1	-1	0
19435986	1	-1	0
19436187	1	-1	0
19436387	1	-1	0
19436587	1	-1	0
19436785	1	-1	0
19436983	1	-1	0
19437180	1	-1	0
19437376	1	-1	0
19437572	1	-1	0
19437766	1	-1	0
19437960	1	-1	0
19438152	1	-1	0
19438344	1	-1	0
19457800	1	-1	0
19457801	1	-1	0
19457802	1	-1	0
19457803	1	-1	0
19457804	1	-1	0
19457805	1	-1	0
19457806	1	-1	0
19457807	1	-1	0
19457808	1	-1	0
19457809	1	-1	0
19457810	1	-1	0
19457811	1	-1	0
19457812	1	-1	0
19457813	1	-1	0
19457814	1	-1	0
19457815	1	-1	0
19458003	1	-1	0
19458205	1	-1	0
19458407	1	-1	0
19458608	1	-1	0
19458808	1	-1	0
19459008	1	-1	0
19459206	1	-1	0
19459404	1	-1	0
19459601	1	-1	0
19459797	1	-1	0
19459993	1	-1	0
19460187	1	-1	0
19460381	1	-1	0
19460573	1	-1	0
19460765	1	-1	0
19480221	1	-1	0
19480222	1	-1	0
19480223	1	-1	0
19480224	1	-1	0
19480225	1	-1	0
19480226	1	-1	0
19480227	1	-1	0
19480228	1	-1	0
19480229	1	-1	0
19480230	1	-1	0
19480231	1	-1	0
19480232	1	-1	0
19480233	1	-1	0
19480234	1	-1	0
19480235	1	-1	0
19480236	1	-1	0
19480424	1	-1	0
19480626	1	-1	0
19480828	1	-1	0
19481029	1	-1	0
19481229	1	-1	0
19481429	1	-1	0
19481627	1	-1	0
19481825	1	-1	0
19482022	1	-1	0
19482218	1	-1	0
19482414	1	-1	0
19482608	1	-1	0
19482802	1	-1	0
19482994	1	-1	0
19483186	1	-1	0
19502642	1	-1	0
19502643	1	-1	0
19502644	1	-1	0
19502645	1	-1	0
19502646	1	-1	0
19502647	1	-1	0
19502648	1	-1	0
19502649	1	-1	0
19502650	1	-1	0
19502651	1	-1	0
19502652	1	-1	0
19502653	1	-1	0
19502654	1	-1	0
19502655	1	-1	0
19502656	1	-1	0
19502657	1	-1	0
19502845	1	-1	0
19503047	1	-1	0
19503249	1	-1	0
19503450	1	-1	0
19503650	1	-1	0
19503850	1	-1	0
19504048	1	-1	0
19504246	1	-1	0
19504443	1	-1	0
19504639	1	-1	0
19504835	1	-1	0
19505029	1	-1	0
19505223	1	-1	0
19505415	1	-1	0
19505607	1	-1	0
19525063	1	-1	0
19525064	1	-1	0
19525065	1	-1	0
19525066	1	-1	0
19525067	1	-1	0
19525068	1	-1	0
19525069	1	-1	0
19525070	1	-1	0
19525071	1	-1	0
19525072	1	-1	0
19525073	1	-1	0
19525074	1	-1	0
19525075	1	-1	0
19525076	1	-1	0
19525077	1	-1	0
19525078	1	-1	0
19525079	1	-1	0
19525266	1	-1	0
19525267	1	-1	0
19525268	1	-1	0
19525269	1	-1	0
19525270	1	-1	0
19525271	1	-1	0
19525272	1	-1	0
19525273	1	-1	0
19525274	1	-1	0
19525275	1	-1	0
19525276	1	-1	0
19525277	1	-1	0
19525278	1	-1	0
19525279	1	-1	0
19525280	1	-1	0
19525281	1	-1	0
19525468	1	-1	0
19525469	1	-1	0
19525470	1	-1	0
19525471	1	-1	0
19525472	1	-1	0
19525473	1	-1	0
19525474	1	-1	0
19525475	1	-1	0
19525476	1	-1	0
19525477	1	-1	0
19525478	1	-1	0
19525479	1	-1	0
19525480	1	-1	0
19525481	1	-1	0
19525482	1	-1	0
19525483	1	-1	0
19525670	1	-1	0
19525671	1	-1	0
19525672	1	-1	0
19525673	1	-1	0
19525674	1	-1	0
19525675	1	-1	0
19525676	1	-1	0
19525677	1	-1	0
19525678	1	-1	0
19525679	1	-1	0
19525680	1	-1	0
19525681	1	-1	0
19525682	1	-1	0
19525683	1	-1	0
19525684	1	-1	0
19525685	1	-1	0
19525871	1	-1	0
19525872	1	-1	0
19525873	1	-1	0
19525874	1	-1	0
19525875	1	-1	0
19525876	1	-1	0
19525877	1	-1	0
19525878	1	-1	0
19525879	1	-1	0
19525880	1	-1	0
19525881	1	-1	0
19525882	1	-1	0
19525883	1	-1	0
19525884	1	-1	0
19525885	1	-1	0
19525886	1	-1	0
19526071	1	-1	0
19526072	1	-1	0
19526073	1	-1	0
19526074	1	-1	0
19526075	1	-1	0
19526076	1	-1	0
19526077	1	-1	0
19526078	1	-1	0
19526079	1	-1	0
19526080	1	-1	0
19526081	1	-1	0
19526082	1	-1	0
19526083	1	-1	0
19526084	1	-1	0
19526085	1	-1	0
19526086	1	-1	0
19526271	1	-1	0
19526272	1	-1	0
19526273	1	-1	0
19526274	1	-1	0
19526275	1	-1	0
19526276	1	-1	0
19526277	1	-1	0
19526278	1	-1	0
19526279	1	-1	0
19526280	1	-1	0
19526281	1	-1	0
19526282	1	-1	0
19526283	1	-1	0
19526284	1	-1	0
19526285	1	-1	0
19526469	1	-1	0
19526470	1	-1	0
19526471	1	-1	0
19526472	1	-1	0
19526473	1	-1	0
19526474	1	-1	0
19526475	1	-1	0
19526476	1	-1	0
19526477	1	-1	0
19526478	1	-1	0
19526479	1	-1	0
19526480	1	-1	0
19526481	1	-1	0
19526482	1	-1	0
19526483	1	-1	0
19526667	1	-1	0
19526668	1	-1	0
19526669	1	-1	0
19526670	1	-1	0
19526671	1	-1	0
19526672	1	-1	0
19526673	1	-1	0
19526674	1	-1	0
19526675	1	-1	0
19526676	1	-1	0
19526677	1	-1	0
19526678	1	-1	0
19526679	1	-1	0
19526680	1	-1	0
19526864	1	-1	0
19526865	1	-1	0
19526866	1	-1	0
19526867	1	-1	0
19526868	1	-1	0
19526869	1	-1	0
19526870	1	-1	0
19526871	1	-1	0
19526872	1	-1	0
19526873	1	-1	0
19526874	1	-1	0
19526875	1	-1	0
19526876	1	-1	0
19526877	1	-1	0
19527060	1	-1	0
19527061	1	-1	0
19527062	1	-1	0
19527063	1	-1	0
19527064	1	-1	0
19527065	1	-1	0
19527066	1	-1	0
19527067	1	-1	0
19527068	1	-1	0
19527069	1	-1	0
19527070	1	-1	0
19527071	1	-1	0
19527072	1	-1	0
19527256	1	-1	0
19527257	1	-1	0
19527258	1	-1	0
19527259	1	-1	0
19527260	1	-1	0
19527261	1	-1	0
19527262	1	-1	0
19527263	1	-1	0
19527264	1	-1	0
19527265	1	-1	0
19527266	1	-1	0
19527267	1	-1	0
19527450	1	-1	0
19527451	1	-1	0
19527452	1	-1	0
19527453	1	-1	0
19527454	1	-1	0
19527455	1	-1	0
19527456	1	-1	0
19527457	1	-1	0
19527458	1	-1	0
19527459	1	-1	0
19527460	1	-1	0
19527644	1	-1	0
19527645	1	-1	0
19527646	1	-1	0
19527647	1	-1	0
19527648	1	-1	0
19527649	1	-1	0
19527650	1	-1	0
19527651	1	-1	0
19527652	1	-1	0
19527653	1	-1	0
19527836	1	-1	0
19527837	1	-1	0
19527838	1	-1	0
19527839	1	-1	0
19527840	1	-1	0
19527841	1	-1	0
19527842	1	-1	0
19527843	1	-1	0
19528028	1	-1	0
19528029	1	-1	0
19528030	1	-1	0
19528031	1	-1	0
19528032	1	-1	0
19528033	1	-1	0
19528218	1	-1	0
19166118	-1	-1	0
19187534	-1	-1	0
19187733	-1	-1	0
19187934	-1	-1	0
19188135	-1	-1	0
19188337	-1	-1	0
19188539	-1	-1	0
19188540	-1	-1	0
19188541	-1	-1	0
19188542	-1	-1	0
19188543	-1	-1	0
19188544	-1	-1	0
19209558	-1	-1	0
19209757	-1	-1	0
19209956	-1	-1	0
19210155	-1	-1	0
19210356	-1	-1	0
19210557	-1	-1	0
19210759	-1	-1	0
19210961	-1	-1	0
19210962	-1	-1	0
19210963	-1	-1	0
19210964	-1	-1	0
19210965	-1	-1	0
19210966	-1	-1	0
19210967	-1	-1	0
19210968	-1	-1	0
19231586	-1	-1	0
19231783	-1	-1	0
19231980	-1	-1	0
19232179	-1	-1	0
19232378	-1	-1	0
19232577	-1	-1	0
19232778	-1	-1	0
19232979	-1	-1	0
19233181	-1	-1	0
19233383	-1	-1	0
19233384	-1	-1	0
19233385	-1	-1	0
19233386	-1	-1	0
19233387	-1	-1	0
19233388	-1	-1	0
19233389	-1	-1	0
19233390	-1	-1	0
19233391	-1	-1	0
19233392	-1	-1	0
19253813	-1	-1	0
19254008	-1	-1	0
19254205	-1	-1	0
19254402	-1	-1	0
19254601	-1	-1	0
19254800	-1	-1	0
19254999	-1	-1	0
19255200	-1	-1	0
19255401	-1	-1	0
19255603	-1	-1	0
19255805	-1	-1	0
19255806	-1	-1	0
19255807	-1	-1	0
19255808	-1	-1	0
19255809	-1	-1	0
19255810	-1	-1	0
19255811	-1	-1	0
19255812	-1	-1	0
19255813	-1	-1	0
19255814	-1	-1	0
19255815	-1	-1	0
19276040	-1	-1	0
19276235	-1	-1	0
19276430	-1	-1	0
19276627	-1	-1	0
19276824	-1	-1	0
19277023	-1	-1	0
19277222	-1	-1	0
19277421	-1	-1	0
19277622	-1	-1	0
19277823	-1	-1	0
19278025	-1	-1	0
19278227	-1	-1	0
19278228	-1	-1	0
19278229	-1	-1	0
19278230	-1	-1	0
19278231	-1	-1	0
19278232	-1	-1	0
19278233	-1	-1	0
19278234	-1	-1	0
19278235	-1	-1	0
19278236	-1	-1	0
19278237	-1	-1	0
19278238	-1	-1	0
19298267	-1	-1	0
19298461	-1	-1	0
19298656	-1	-1	0
19298851	-1	-1	0
19299048	-1	-1	0
19299245	-1	-1	0
19299444	-1	-1	0
19299643	-1	-1	0
19299842	-1	-1	0
19300043	-1	-1	0
19300244	-1	-1	0
19300446	-1	-1	0
19300648	-1	-1	0
19300649	-1	-1	0
19300650	-1	-1	0
19300651	-1	-1	0
19300652	-1	-1	0
19300653	-1	-1	0
19300654	-1	-1	0
19300655	-1	-1	0
19300656	-1	-1	0
19300657	-1	-1	0
19300658	-1	-1	0
19300659	-1	-1	0
19300660	-1	-1	0
19320495	-1	-1	0
19320688	-1	-1	0
19320882	-1	-1	0
19321077	-1	-1	0
19321272	-1	-1	0
19321469	-1	-1	0
19321666	-1	-1	0
19321865	-1	-1	0
19322064	-1	-1	0
19322263	-1	-1	0
19322464	-1	-1	0
19322665	-1	-1	0
19322867	-1	-1	0
19323069	-1	-1	0
19323070	-1	-1	0
19323071	-1	-1	0
19323072	-1	-1	0
19323073	-1	-1	0
19323074	-1	-1	0
19323075	-1	-1	0
19323076	-1	-1	0
19323077	-1	-1	0
19323078	-1	-1	0
19323079	-1	-1	0
19323080	-1	-1	0
19323081	-1	-1	0
19323082	-1	-1	0
19342915	-1	-1	0
19343108	-1	-1	0
19343302	-1	-1	0
19343497	-1	-1	0
19343692	-1	-1	0
19343889	-1	-1	0
19344086	-1	-1	0
19344285	-1	-1	0
19344484	-1	-1	0
19344683	-1	-1	0
19344884	-1	-1	0
19345085	-1	-1	0
19345287	-1	-1	0
19345489	-1	-1	0
19345490	-1	-1	0
19345491	-1	-1	0
19345492	-1	-1	0
19345493	-1	-1	0
19345494	-1	-1	0
19345495	-1	-1	0
19345496	-1	-1	0
19345497	-1	-1	0
19345498	-1	-1	0
19345499	-1	-1	0
19345500	-1	-1	0
19345501	-1	-1	0
19345502	-1	-1	0
19365144	-1	-1	0
19365337	-1	-1	0
19365530	-1	-1	0
19365724	-1	-1	0
19365919	-1	-1	0
19366114	-1	-1	0
19366311	-1	-1	0
19366508	-1	-1	0
19366707	-1	-1	0
19366906	-1	-1	0
19367105	-1	-1	0
19367306	-1	-1	0
19367507	-1	-1	0
19367709	-1	-1	0
19367911	-1	-1	0
19367912	-1	-1	0
19367913	-1	-1	0
19367914	-1	-1	0
19367915	-1	-1	0
19367916	-1	-1	0
19367917	-1	-1	0
19367918	-1	-1	0
19367919	-1	-1	0
19367920	-1	-1	0
19367921	-1	-1	0
19367922	-1	-1	0
19367923	-1	-1	0
19367924	-1	-1	0
19367925	-1	-1	0
19387566	-1	-1	0
19387759	-1	-1	0
19387952	-1	-1	0
19388146	-1	-1	0
19388341	-1	-1	0
19388536	-1	-1	0
19388733	-1	-1	0
19388930	-1	-1	0
19389129	-1	-1	0
19389328	-1	-1	0
19389527	-1	-1	0
19389728	-1	-1	0
19389929	-1	-1	0
19390131	-1	-1	0
19390333	-1	-1	0
19390334	-1	-1	0
19390335	-1	-1	0
19390336	-1	-1	0
19390337	-1	-1	0
19390338	-1	-1	0
19390339	-1	-1	0
19390340	-1	-1	0
19390341	-1	-1	0
19390342	-1	-1	0
19390343	-1	-1	0
19390344	-1	-1	0
19390345	-1	-1	0
19390346	-1	-1	0
19390347	-1	-1	0
19409797	-1	-1	0
19409988	-1	-1	0
19410181	-1	-1	0
19410374	-1	-1	0
19410568	-1	-1	0
19410763	-1	-1	0
19410958	-1	-1	0
19411155	-1	-1	0
19411352	-1	-1	0
19411551	-1	-1	0
19411750	-1	-1	0
19411949	-1	-1	0
19412150	-1	-1	0
19412351	-1	-1	0
19412553	-1	-1	0
19412755	-1	-1	0
19412756	-1	-1	0
19412757	-1	-1	0
19412758	-1	-1	0
19412759	-1	-1	0
19412760	-1	-1	0
19412761	-1	-1	0
19412762	-1	-1	0
19412763	-1	-1	0
19412764	-1	-1	0
19412765	-1	-1	0
19412766	-1	-1	0
19412767	-1	-1	0
19412768	-1	-1	0
19412769	-1	-1	0
19412770	-1	-1	0
19432218	-1	-1	0
19432409	-1	-1	0
19432602	-1	-1	0
19432795	-1	-1	0
19432989	-1	-1	0
19433184	-1	-1	0
19433379	-1	-1	0
19433576	-1	-1	0
19433773	-1	-1	0
19433972	-1	-1	0
19434171	-1	-1	0
19434370	-1	-1	0
19434571	-1	-1	0
19434772	-1	-1	0
19434974	-1	-1	0
19435176	-1	-1	0
19435177	-1	-1	0
19435178	-1	-1	0
19435179	-1	-1	0
19435180	-1	-1	0
19435181	-1	-1	0
19435182	-1	-1	0
19435183	-1	-1	0
19435184	-1	-1	0
19435185	-1	-1	0
19435186	-1	-1	0
19435187	-1	-1	0
19435188	-1	-1	0
19435189	-1	-1	0
19435190	-1	-1	0
19435191	-1	-1	0
19454639	-1	-1	0
19454830	-1	-1	0
19455023	-1	-1	0
19455216	-1	-1	0
19455410	-1	-1	0
19455605	-1	-1	0
19455800	-1	-1	0
19455997	-1	-1	0
19456194	-1	-1	0
19456393	-1	-1	0
19456592	-1	-1	0
19456791	-1	-1	0
19456992	-1	-1	0
19457193	-1	-1	0
19457395	-1	-1	0
19457597	-1	-1	0
19457598	-1	-1	0
19457599	-1	-1	0
19457600	-1	-1	0
19457601	-1	-1	0
19457602	-1	-1	0
19457603	-1	-1	0
19457604	-1	-1	0
19457605	-1	-1	0
19457606	-1	-1	0
19457607	-1	-1	0
19457608	-1	-1	0
19457609	-1	-1	0
19457610	-1	-1	0
19457611	-1	-1	0
19457612	-1	-1	0
19477060	-1	-1	0
19477251	-1	-1	0
19477444	-1	-1	0
19477637	-1	-1	0
19477831	-1	-1	0
19478026	-1	-1	0
19478221	-1	-1	0
19478418	-1	-1	0
19478615	-1	-1	0
19478814	-1	-1	0
19479013	-1	-1	0
19479212	-1	-1	0
19479413	-1	-1	0
19479614	-1	-1	0
19479816	-1	-1	0
19480018	-1	-1	0
19480019	-1	-1	0
19480020	-1	-1	0
19480021	-1	-1	0
19480022	-1	-1	0
19480023	-1	-1	0
19480024	-1	-1	0
19480025	-1	-1	0
19480026	-1	-1	0
19480027	-1	-1	0
19480028	-1	-1	0
19480029	-1	-1	0
19480030	-1	-1	0
19480031	-1	-1	0
19480032	-1	-1	0
19480033	-1	-1	0
19499481	-1	-1	0
19499672	-1	-1	0
19499865	-1	-1	0
19500058	-1	-1	0
19500252	-1	-1	0
19500447	-1	-1	0
19500642	-1	-1	0
19500839	-1	-1	0
19501036	-1	-1	0
19501235	-1	-1	0
19501434	-1	-1	0
19501633	-1	-1	0
19501834	-1	-1	0
19502035	-1	-1	0
19502237	-1	-1	0
19502439	-1	-1	0
19502440	-1	-1	0
19502441	-1	-1	0
19502442	-1	-1	0
19502443	-1	-1	0
19502444	-1	-1	0
19502445	-1	-1	0
19502446	-1	-1	0
19502447	-1	-1	0
19502448	-1	-1	0
19502449	-1	-1	0
19502450	-1	-1	0
19502451	-1	-1	0
19502452	-1	-1	0
19502453	-1	-1	0
19502454	-1	-1	0
19521711	-1	-1	0
19521902	-1	-1	0
19521903	-1	-1	0
19521904	-1	-1	0
19521905	-1	-1	0
19521906	-1	-1	0
19521907	-1	-1	0
19522093	-1	-1	0
19522094	-1	-1	0
19522095	-1	-1	0
19522096	-1	-1	0
19522097	-1	-1	0
19522098	-1	-1	0
19522099	-1	-1	0
19522100	-1	-1	0
19522286	-1	-1	0
19522287	-1	-1	0
19522288	-1	-1	0
19522289	-1	-1	0
19522290	-1	-1	0
19522291	-1	-1	0
19522292	-1	-1	0
19522293	-1	-1	0
19522294	-1	-1	0
19522295	-1	-1	0
19522479	-1	-1	0
19522480	-1	-1	0
19522481	-1	-1	0
19522482	-1	-1	0
19522483	-1	-1	0
19522484	-1	-1	0
19522485	-1	-1	0
19522486	-1	-1	0
19522487	-1	-1	0
19522488	-1	-1	0
19522489	-1	-1	0
19522673	-1	-1	0
19522674	-1	-1	0
19522675	-1	-1	0
19522676	-1	-1	0
19522677	-1	-1	0
19522678	-1	-1	0
19522679	-1	-1	0
19522680	-1	-1	0
19522681	-1	-1	0
19522682	-1	-1	0
19522683	-1	-1	0
19522684	-1	-1	0
19522868	-1	-1	0
19522869	-1	-1	0
19522870	-1	-1	0
19522871	-1	-1	0
19522872	-1	-1	0
19522873	-1	-1	0
19522874	-1	-1	0
19522875	-1	-1	0
19522876	-1	-1	0
19522877	-1	-1	0
19522878	-1	-1	0
19522879	-1	-1	0
19522880	-1	-1	0
19523063	-1	-1	0
19523064	-1	-1	0
19523065	-1	-1	0
19523066	-1	-1	0
19523067	-1	-1	0
19523068	-1	-1	0
19523069	-1	-1	0
19523070	-1	-1	0
19523071	-1	-1	0
19523072	-1	-1	0
19523073	-1	-1	0
19523074	-1	-1	0
19523075	-1	-1	0
19523076	-1	-1	0
19523260	-1	-1	0
19523261	-1	-1	0
19523262	-1	-1	0
19523263	-1	-1	0
19523264	-1	-1	0
19523265	-1	-1	0
19523266	-1	-1	0
19523267	-1	-1	0
19523268	-1	-1	0
19523269	-1	-1	0
19523270	-1	-1	0
19523271	-1	-1	0
19523272	-1	-1	0
19523273	-1	-1	0
19523457	-1	-1	0
19523458	-1	-1	0
19523459	-1	-1	0
19523460	-1	-1	0
19523461	-1	-1	0
19523462	-1	-1	0
19523463	-1	-1	0
19523464	-1	-1	0
19523465	-1	-1	0
19523466	-1	-1	0
19523467	-1	-1	0
19523468	-1	-1	0
19523469	-1	-1	0
19523470	-1	-1	0
19523471	-1	-1	0
19523656	-1	-1	0
19523657	-1	-1	0
19523658	-1	-1	0
19523659	-1	-1	0
19523660	-1	-1	0
19523661	-1	-1	0
19523662	-1	-1	0
19523663	-1	-1	0
19523664	-1	-1	0
19523665	-1	-1	0
19523666	-1	-1	0
19523667	-1	-1	0
19523668	-1	-1	0
19523669	-1	-1	0
19523670	-1	-1	0
19523855	-1	-1	0
19523856	-1	-1	0
19523857	-1	-1	0
19523858	-1	-1	0
19523859	-1	-1	0
19523860	-1	-1	0
19523861	-1	-1	0
19523862	-1	-1	0
19523863	-1	-1	0
19523864	-1	-1	0
19523865	-1	-1	0
19523866	-1	-1	0
19523867	-1	-1	0
19523868	-1	-1	0
19523869	-1	-1	0
19523870	-1	-1	0
19524054	-1	-1	0
19524055	-1	-1	0
19524056	-1	-1	0
19524057	-1	-1	0
19524058	-1	-1	0
19524059	-1	-1	0
19524060	-1	-1	0
19524061	-1	-1	0
19524062	-1	-1	0
19524063	-1	-1	0
19524064	-1	-1	0
19524065	-1	-1	0
19524066	-1	-1	0
19524067	-1	-1	0
19524068	-1	-1	0
19524069	-1	-1	0
19524255	-1	-1	0
19524256	-1	-1	0
19524257	-1	-1	0
19524258	-1	-1	0
19524259	-1	-1	0
19524260	-1	-1	0
19524261	-1	-1	0
19524262	-1	-1	0
19524263	-1	-1	0
19524264	-1	-1	0
19524265	-1	-1	0
19524266	-1	-1	0
19524267	-1	-1	0
19524268	-1	-1	0
19524269	-1	-1	0
19524270	-1	-1	0
19524456	-1	-1	0
19524457	-1	-1	0
19524458	-1	-1	0
19524459	-1	-1	0
19524460	-1	-1	0
19524461	-1	-1	0
19524462	-1	-1	0
19524463	-1	-1	0
19524464	-1	-1	0
19524465	-1	-1	0
19524466	-1	-1	0
19524467	-1	-1	0
19524468	-1	-1	0
19524469	-1	-1	0
19524470	-1	-1	0
19524471	-1	-1	0
19524658	-1	-1	0
19524659	-1	-1	0
19524660	-1	-1	0
19524661	-1	-1	0
19524662	-1	-1	0
19524663	-1	-1	0
19524664	-1	-1	0
19524665	-1	-1	0
19524666	-1	-1	0
19524667	-1	-1	0
19524668	-1	-1	0
19524669	-1	-1	0
19524670	-1	-1	0
19524671	-1	-1	0
19524672	-1	-1	0
19524673	-1	-1	0
19524860	-1	-1	0
19524861	-1	-1	0
19524862	-1	-1	0
19524863	-1	-1	0
19524864	-1	-1	0
19524865	-1	-1	0
19524866	-1	-1	0
19524867	-1	-1	0
19524868	-1	-1	0
19524869	-1	-1	0
19524870	-1	-1	0
19524871	-1	-1	0
19524872	-1	-1	0
19524873	-1	-1	0
19524874	-1	-1	0
19524875	-1	-1	0
19524876	-1	-1	0
19166117	-1	1	0
19187533	-1	1	0
19187732	-1	1	0
19187933	-1	1	0
19188134	-1	1	0
19188336	-1	1	0
19188533	-1	1	0
19188534	-1	1	0
19188535	-1	1	0
19188536	-1	1	0
19188537	-1	1	0
19188538	-1	1	0
19209557	-1	1	0
19209756	-1	1	0
19209955	-1	1	0
19210154	-1	1	0
19210355	-1	1	0
19210556	-1	1	0
19210758	-1	1	0
19210953	-1	1	0
19210954	-1	1	0
19210955	-1	1	0
19210956	-1	1	0
19210957	-1	1	0
19210958	-1	1	0
19210959	-1	1	0
19210960	-1	1	0
19231585	-1	1	0
19231782	-1	1	0
19231979	-1	1	0
19232178	-1	1	0
19232377	-1	1	0
19232576	-1	1	0
19232777	-1	1	0
19232978	-1	1	0
19233180	-1	1	0
19233373	-1	1	0
19233374	-1	1	0
19233375	-1	1	0
19233376	-1	1	0
19233377	-1	1	0
19233378	-1	1	0
19233379	-1	1	0
19233380	-1	1	0
19233381	-1	1	0
19233382	-1	1	0
19253812	-1	1	0
19254007	-1	1	0
19254204	-1	1	0
19254401	-1	1	0
19254600	-1	1	0
19254799	-1	1	0
19254998	-1	1	0
19255199	-1	1	0
19255400	-1	1	0
19255602	-1	1	0
19255794	-1	1	0
19255795	-1	1	0
19255796	-1	1	0
19255797	-1	1	0
19255798	-1	1	0
19255799	-1	1	0
19255800	-1	1	0
19255801	-1	1	0
19255802	-1	1	0
19255803	-1	1	0
19255804	-1	1	0
19276039	-1	1	0
19276234	-1	1	0
19276429	-1	1	0
19276626	-1	1	0
19276823	-1	1	0
19277022	-1	1	0
19277221	-1	1	0
19277420	-1	1	0
19277621	-1	1	0
19277822	-1	1	0
19278024	-1	1	0
19278215	-1	1	0
19278216	-1	1	0
19278217	-1	1	0
19278218	-1	1	0
19278219	-1	1	0
19278220	-1	1	0
19278221	-1	1	0
19278222	-1	1	0
19278223	-1	1	0
19278224	-1	1	0
19278225	-1	1	0
19278226	-1	1	0
19298266	-1	1	0
19298460	-1	1	0
19298655	-1	1	0
19298850	-1	1	0
19299047	-1	1	0
19299244	-1	1	0
19299443	-1	1	0
19299642	-1	1	0
19299841	-1	1	0
19300042	-1	1	0
19300243	-1	1	0
19300445	-1	1	0
19300635	-1	1	0
19300636	-1	1	0
19300637	-1	1	0
19300638	-1	1	0
19300639	-1	1	0
19300640	-1	1	0
19300641	-1	1	0
19300642	-1	1	0
19300643	-1	1	0
19300644	-1	1	0
19300645	-1	1	0
19300646	-1	1	0
19300647	-1	1	0
19320494	-1	1	0
19320687	-1	1	0
19320881	-1	1	0
19321076	-1	1	0
19321271	-1	1	0
19321468	-1	1	0
19321665	-1	1	0
19321864	-1	1	0
19322063	-1	1	0
19322262	-1	1	0
19322463	-1	1	0
19322664	-1	1	0
19322866	-1	1	0
19323055	-1	1	0
19323056	-1	1	0
19323057	-1	1	0
19323058	-1	1	0
19323059	-1	1	0
19323060	-1	1	0
19323061	-1	1	0
19323062	-1	1	0
19323063	-1	1	0
19323064	-1	1	0
19323065	-1	1	0
19323066	-1	1	0
19323067	-1	1	0
19323068	-1	1	0
19342914	-1	1	0
19343107	-1	1	0
19343301	-1	1	0
19343496	-1	1	0
19343691	-1	1	0
19343888	-1	1	0
19344085	-1	1	0
19344284	-1	1	0
19344483	-1	1	0
19344682	-1	1	0
19344883	-1	1	0
19345084	-1	1	0
19345286	-1	1	0
19345475	-1	1	0
19345476	-1	1	0
19345477	-1	1	0
19345478	-1	1	0
19345479	-1	1	0
19345480	-1	1	0
19345481	-1	1	0
19345482	-1	1	0
19345483	-1	1	0
19345484	-1	1	0
19345485	-1	1	0
19345486	-1	1	0
19345487	-1	1	0
19345488	-1	1	0
19365143	-1	1	0
19365336	-1	1	0
19365529	-1	1	0
19365723	-1	1	0
19365918	-1	1	0
19366113	-1	1	0
19366310	-1	1	0
19366507	-1	1	0
19366706	-1	1	0
19366905	-1	1	0
19367104	-1	1	0
19367305	-1	1	0
19367506	-1	1	0
19367708	-1	1	0
19367896	-1	1	0
19367897	-1	1	0
19367898	-1	1	0
19367899	-1	1	0
19367900	-1	1	0
19367901	-1	1	0
19367902	-1	1	0
19367903	-1	1	0
19367904	-1	1	0
19367905	-1	1	0
19367906	-1	1	0
19367907	-1	1	0
19367908	-1	1	0
19367909	-1	1	0
19367910	-1	1	0
19387565	-1	1	0
19387758	-1	1	0
19387951	-1	1	0
19388145	-1	1	0
19388340	-1	1	0
19388535	-1	1	0
19388732	-1	1	0
19388929	-1	1	0
19389128	-1	1	0
19389327	-1	1	0
19389526	-1	1	0
19389727	-1	1	0
19389928	-1	1	0
19390130	-1	1	0
19390318	-1	1	0
19390319	-1	1	0
19390320	-1	1	0
19390321	-1	1	0
19390322	-1	1	0
19390323	-1	1	0
19390324	-1	1	0
19390325	-1	1	0
19390326	-1	1	0
19390327	-1	1	0
19390328	-1	1	0
19390329	-1	1	0
19390330	-1	1	0
19390331	-1	1	0
19390332	-1	1	0
19409796	-1	1	0
19409987	-1	1	0
19410180	-1	1	0
19410373	-1	1	0
19410567	-1	1	0
19410762	-1	1	0
19410957	-1	1	0
19411154	-1	1	0
19411351	-1	1	0
19411550	-1	1	0
19411749	-1	1	0
19411948	-1	1	0
19412149	-1	1	0
19412350	-1	1	0
19412552	-1	1	0
19412739	-1	1	0
19412740	-1	1	0
19412741	-1	1	0
19412742	-1	1	0
19412743	-1	1	0
19412744	-1	1	0
19412745	-1	1	0
19412746	-1	1	0
19412747	-1	1	0
19412748	-1	1	0
19412749	-1	1	0
19412750	-1	1	0
19412751	-1	1	0
19412752	-1	1	0
19412753	-1	1	0
19412754	-1	1	0
19432217	-1	1	0
19432408	-1	1	0
19432601	-1	1	0
19432794	-1	1	0
19432988	-1	1	0
19433183	-1	1	0
19433378	-1	1	0
19433575	-1	1	0
19433772	-1	1	0
19433971	-1	1	0
19434170	-1	1	0
19434369	-1	1	0
19434570	-1	1	0
19434771	-1	1	0
19434973	-1	1	0
19435160	-1	1	0
19435161	-1	1	0
19435162	-1	1	0
19435163	-1	1	0
19435164	-1	1	0
19435165	-1	1	0
19435166	-1	1	0
19435167	-1	1	0
19435168	-1	1	0
19435169	-1	1	0
19435170	-1	1	0
19435171	-1	1	0
19435172	-1	1	0
19435173	-1	1	0
19435174	-1	1	0
19435175	-1	1	0
19454638	-1	1	0
19454829	-1	1	0
19455022	-1	1	0
19455215	-1	1	0
19455409	-1	1	0
19455604	-1	1	0
19455799	-1	1	0
19455996	-1	1	0
19456193	-1	1	0
19456392	-1	1	0
19456591	-1	1	0
19456790	-1	1	0
19456991	-1	1	0
19457192	-1	1	0
19457394	-1	1	0
19457581	-1	1	0
19457582	-1	1	0
19457583	-1	1	0
19457584	-1	1	0
19457585	-1	1	0
19457586	-1	1	0
19457587	-1	1	0
19457588	-1	1	0
19457589	-1	1	0
19457590	-1	1	0
19457591	-1	1	0
19457592	-1	1	0
19457593	-1	1	0
19457594	-1	1	0
19457595	-1	1	0
19457596	-1	1	0
19477059	-1	1	0
19477250	-1	1	0
19477443	-1	1	0
19477636	-1	1	0
19477830	-1	1	0
19478025	-1	1	0
19478220	-1	1	0
19478417	-1	1	0
19478614	-1	1	0
19478813	-1	1	0
19479012	-1	1	0
19479211	-1	1	0
19479412	-1	1	0
19479613	-1	1	0
19479815	-1	1	0
19480002	-1	1	0
19480003	-1	1	0
19480004	-1	1	0
19480005	-1	1	0
19480006	-1	1	0
19480007	-1	1	0
19480008	-1	1	0
19480009	-1	1	0
19480010	-1	1	0
19480011	-1	1	0
19480012	-1	1	0
19480013	-1	1	0
19480014	-1	1	0
19480015	-1	1	0
19480016	-1	1	0
19480017	-1	1	0
19499480	-1	1	0
19499671	-1	1	0
19499864	-1	1	0
19500057	-1	1	0
19500251	-1	1	0
19500446	-1	1	0
19500641	-1	1	0
19500838	-1	1	0
19501035	-1	1	0
19501234	-1	1	0
19501433	-1	1	0
19501632	-1	1	0
19501833	-1	1	0
19502034	-1	1	0
19502236	-1	1	0
19502423	-1	1	0
19502424	-1	1	0
19502425	-1	1	0
19502426	-1	1	0
19502427	-1	1	0
19502428	-1	1	0
19502429	-1	1	0
19502430	-1	1	0
19502431	-1	1	0
19502432	-1	1	0
19502433	-1	1	0
19502434	-1	1	0
19502435	-1	1	0
19502436	-1	1	0
19502437	-1	1	0
19502438	-1	1	0
19521710	-1	1	0
19521896	-1	1	0
19521897	-1	1	0
19521898	-1	1	0
19521899	-1	1	0
19521900	-1	1	0
19521901	-1	1	0
19522085	-1	1	0
19522086	-1	1	0
19522087	-1	1	0
19522088	-1	1	0
19522089	-1	1	0
19522090	-1	1	0
19522091	-1	1	0
19522092	-1	1	0
19522276	-1	1	0
19522277	-1	1	0
19522278	-1	1	0
19522279	-1	1	0
19522280	-1	1	0
19522281	-1	1	0
19522282	-1	1	0
19522283	-1	1	0
19522284	-1	1	0
19522285	-1	1	0
19522468	-1	1	0
19522469	-1	1	0
19522470	-1	1	0
19522471	-1	1	0
19522472	-1	1	0
19522473	-1	1	0
19522474	-1	1	0
19522475	-1	1	0
19522476	-1	1	0
19522477	-1	1	0
19522478	-1	1	0
19522661	-1	1	0
19522662	-1	1	0
19522663	-1	1	0
19522664	-1	1	0
19522665	-1	1	0
19522666	-1	1	0
19522667	-1	1	0
19522668	-1	1	0
19522669	-1	1	0
19522670	-1	1	0
19522671	-1	1	0
19522672	-1	1	0
19522855	-1	1	0
19522856	-1	1	0
19522857	-1	1	0
19522858	-1	1	0
19522859	-1	1	0
19522860	-1	1	0
19522861	-1	1	0
19522862	-1	1	0
19522863	-1	1	0
19522864	-1	1	0
19522865	-1	1	0
19522866	-1	1	0
19522867	-1	1	0
19523049	-1	1	0
19523050	-1	1	0
19523051	-1	1	0
19523052	-1	1	0
19523053	-1	1	0
19523054	-1	1	0
19523055	-1	1	0
19523056	-1	1	0
19523057	-1	1	0
19523058	-1	1	0
19523059	-1	1	0
19523060	-1	1	0
19523061	-1	1	0
19523062	-1	1	0
19523246	-1	1	0
19523247	-1	1	0
19523248	-1	1	0
19523249	-1	1	0
19523250	-1	1	0
19523251	-1	1	0
19523252	-1	1	0
19523253	-1	1	0
19523254	-1	1	0
19523255	-1	1	0
19523256	-1	1	0
19523257	-1	1	0
19523258	-1	1	0
19523259	-1	1	0
19523442	-1	1	0
19523443	-1	1	0
19523444	-1	1	0
19523445	-1	1	0
19523446	-1	1	0
19523447	-1	1	0
19523448	-1	1	0
19523449	-1	1	0
19523450	-1	1	0
19523451	-1	1	0
19523452	-1	1	0
19523453	-1	1	0
19523454	-1	1	0
19523455	-1	1	0
19523456	-1	1	0
19523641	-1	1	0
19523642	-1	1	0
19523643	-1	1	0
19523644	-1	1	0
19523645	-1	1	0
19523646	-1	1	0
19523647	-1	1	0
19523648	-1	1	0
19523649	-1	1	0
19523650	-1	1	0
19523651	-1	1	0
19523652	-1	1	0
19523653	-1	1	0
19523654	-1	1	0
19523655	-1	1	0
19523839	-1	1	0
19523840	-1	1	0
19523841	-1	1	0
19523842	-1	1	0
19523843	-1	1	0
19523844	-1	1	0
19523845	-1	1	0
19523846	-1	1	0
19523847	-1	1	0
19523848	-1	1	0
19523849	-1	1	0
19523850	-1	1	0
19523851	-1	1	0
19523852	-1	1	0
19523853	-1	1	0
19523854	-1	1	0
19524038	-1	1	0
19524039	-1	1	0
19524040	-1	1	0
19524041	-1	1	0
19524042	-1	1	0
19524043	-1	1	0
19524044	-1	1	0
19524045	-1	1	0
19524046	-1	1	0
19524047	-1	1	0
19524048	-1	1	0
19524049	-1	1	0
19524050	-1	1	0
19524051	-1	1	0
19524052	-1	1	0
19524053	-1	1	0
19524239	-1	1	0
19524240	-1	1	0
19524241	-1	1	0
19524242	-1	1	0
19524243	-1	1	0
19524244	-1	1	0
19524245	-1	1	0
19524246	-1	1	0
19524247	-1	1	0
19524248	-1	1	0
19524249	-1	1	0
19524250	-1	1	0
19524251	-1	1	0
19524252	-1	1	0
19524253	-1	1	0
19524254	-1	1	0
19524440	-1	1	0
19524441	-1	1	0
19524442	-1	1	0
19524443	-1	1	0
19524444	-1	1	0
19524445	-1	1	0
19524446	-1	1	0
19524447	-1	1	0
19524448	-1	1	0
19524449	-1	1	0
19524450	-1	1	0
19524451	-1	1	0
19524452	-1	1	0
19524453	-1	1	0
19524454	-1	1	0
19524455	-1	1	0
19524642	-1	1	0
19524643	-1	1	0
19524644	-1	1	0
19524645	-1	1	0
19524646	-1	1	0
19524647	-1	1	0
19524648	-1	1	0
19524649	-1	1	0
19524650	-1	1	0
19524651	-1	1	0
19524652	-1	1	0
19524653	-1	1	0
19524654	-1	1	0
19524655	-1	1	0
19524656	-1	1	0
19524657	-1	1	0
19524843	-1	1	0
19524844	-1	1	0
19524845	-1	1	0
19524846	-1	1	0
19524847	-1	1	0
19524848	-1	1	0
19524849	-1	1	0
19524850	-1	1	0
19524851	-1	1	0
19524852	-1	1	0
19524853	-1	1	0
19524854	-1	1	0
19524855	-1	1	0
19524856	-1	1	0
19524857	-1	1	0
19524858	-1	1	0
19524859	-1	1	0