38849830	1	1	0
38885802	1	1	0
38885803	1	1	0
38885804	1	1	0
38885805	1	1	0
38885806	1	1	0
38885807	1	1	0
38885808	1	1	0
38886065	1	1	0
38886322	1	1	0
38886577	1	1	0
38886832	1	1	0
38887086	1	1	0
38887339	1	1	0
38921778	1	1	0
38921779	1	1	0
38921780	1	1	0
38921781	1	1	0
38921782	1	1	0
38921783	1	1	0
38921784	1	1	0
38921785	1	1	0
38921786	1	1	0
38922043	1	1	0
38922300	1	1	0
38922555	1	1	0
38922810	1	1	0
38923064	1	1	0
38923317	1	1	0
38923570	1	1	0
38923821	1	1	0
38957754	1	1	0
38957755	1	1	0
38957756	1	1	0
38957757	1	1	0
38957758	1	1	0
38957759	1	1	0
38957760	1	1	0
38957761	1	1	0
38957762	1	1	0
38957763	1	1	0
38957764	1	1	0
38958021	1	1	0
38958278	1	1	0
38958533	1	1	0
38958788	1	1	0
38959042	1	1	0
38959295	1	1	0
38959548	1	1	0
38959799	1	1	0
38960050	1	1	0
38960301	1	1	0
38993730	1	1	0
38993731	1	1	0
38993732	1	1	0
38993733	1	1	0
38993734	1	1	0
38993735	1	1	0
38993736	1	1	0
38993737	1	1	0
38993738	1	1	0
38993739	1	1	0
38993740	1	1	0
38993741	1	1	0
38993742	1	1	0
38993999	1	1	0
38994256	1	1	0
38994511	1	1	0
38994766	1	1	0
38995020	1	1	0
38995273	1	1	0
38995526	1	1	0
38995777	1	1	0
38996028	1	1	0
38996279	1	1	0
38996528	1	1	0
38996777	1	1	0
39029707	1	1	0
39029708	1	1	0
39029709	1	1	0
39029710	1	1	0
39029711	1	1	0
39029712	1	1	0
39029713	1	1	0
39029714	1	1	0
39029715	1	1	0
39029716	1	1	0
39029717	1	1	0
39029718	1	1	0
39029719	1	1	0
39029720	1	1	0
39029977	1	1	0
39030234	1	1	0
39030489	1	1	0
39030744	1	1	0
39030998	1	1	0
39031251	1	1	0
39031504	1	1	0
39031755	1	1	0
39032006	1	1	0
39032257	1	1	0
39032506	1	1	0
39032755	1	1	0
39033002	1	1	0
39065684	1	1	0
39065685	1	1	0
39065686	1	1	0
39065687	1	1	0
39065688	1	1	0
39065689	1	1	0
39065690	1	1	0
39065691	1	1	0
39065692	1	1	0
39065693	1	1	0
39065694	1	1	0
39065695	1	1	0
39065696	1	1	0
39065697	1	1	0
39065698	1	1	0
39065955	1	1	0
39066212	1	1	0
39066467	1	1	0
39066722	1	1	0
39066976	1	1	0
39067229	1	1	0
39067482	1	1	0
39067733	1	1	0
39067984	1	1	0
39068235	1	1	0
39068484	1	1	0
39068733	1	1	0
39068980	1	1	0
39069227	1	1	0
39101661	1	1	0
39101662	1	1	0
39101663	1	1	0
39101664	1	1	0
39101665	1	1	0
39101666	1	1	0
39101667	1	1	0
39101668	1	1	0
39101669	1	1	0
39101670	1	1	0
39101671	1	1	0
39101672	1	1	0
39101673	1	1	0
39101674	1	1	0
39101675	1	1	0
39101676	1	1	0
39101933	1	1	0
39102190	1	1	0
39102445	1	1	0
39102700	1	1	0
39102954	1	1	0
39103207	1	1	0
39103460	1	1	0
39103711	1	1	0
39103962	1	1	0
39104213	1	1	0
39104462	1	1	0
39104711	1	1	0
39104958	1	1	0
39105205	1	1	0
39105451	1	1	0
39137638	1	1	0
39137639	1	1	0
39137640	1	1	0
39137641	1	1	0
39137642	1	1	0
39137643	1	1	0
39137644	1	1	0
39137645	1	1	0
39137646	1	1	0
39137647	1	1	0
39137648	1	1	0
39137649	1	1	0
39137650	1	1	0
39137651	1	1	0
39137652	1	1	0
39137653	1	1	0
39137654	1	1	0
39137911	1	1	0
39138168	1	1	0
39138423	1	1	0
39138678	1	1	0
39138933	1	1	0
39139186	1	1	0
39139439	1	1	0
39139690	1	1	0
39139941	1	1	0
39140192	1	1	0
39140441	1	1	0
39140690	1	1	0
39140937	1	1	0
39141184	1	1	0
39141430	1	1	0
39141675	1	1	0
39173617	1	1	0
39173618	1	1	0
39173619	1	1	0
39173620	1	1	0
39173621	1	1	0
39173622	1	1	0
39173623	1	1	0
39173624	1	1	0
39173625	1	1	0
39173626	1	1	0
39173627	1	1	0
39173628	1	1	0
39173629	1	1	0
39173630	1	1	0
39173631	1	1	0
39173632	1	1	0
39173633	1	1	0
39173890	1	1	0
39174147	1	1	0
39174402	1	1	0
39174657	1	1	0
39174912	1	1	0
39175165	1	1	0
39175418	1	1	0
39175669	1	1	0
39175920	1	1	0
39176171	1	1	0
39176420	1	1	0
39176669	1	1	0
39176916	1	1	0
39177163	1	1	0
39177409	1	1	0
39177654	1	1	0
39209595	1	1	0
39209596	1	1	0
39209597	1	1	0
39209598	1	1	0
39209599	1	1	0
39209600	1	1	0
39209601	1	1	0
39209602	1	1	0
39209603	1	1	0
39209604	1	1	0
39209605	1	1	0
39209606	1	1	0
39209607	1	1	0
39209608	1	1	0
39209609	1	1	0
39209610	1	1	0
39209611	1	1	0
39209612	1	1	0
39209869	1	1	0
39210126	1	1	0
39210381	1	1	0
39210636	1	1	0
39210891	1	1	0
39211144	1	1	0
39211397	1	1	0
39211648	1	1	0
39211899	1	1	0
39212150	1	1	0
39212399	1	1	0
39212648	1	1	0
39212895	1	1	0
39213142	1	1	0
39213388	1	1	0
39213633	1	1	0
39213878	1	1	0
39245574	1	1	0
39245575	1	1	0
39245576	1	1	0
39245577	1	1	0
39245578	1	1	0
39245579	1	1	0
39245580	1	1	0
39245581	1	1	0
39245582	1	1	0
39245583	1	1	0
39245584	1	1	0
39245585	1	1	0
39245586	1	1	0
39245587	1	1	0
39245588	1	1	0
39245589	1	1	0
39245590	1	1	0
39245591	1	1	0
39245848	1	1	0
39246105	1	1	0
39246360	1	1	0
39246615	1	1	0
39246870	1	1	0
39247123	1	1	0
39247376	1	1	0
39247627	1	1	0
39247878	1	1	0
39248129	1	1	0
39248378	1	1	0
39248627	1	1	0
39248874	1	1	0
39249121	1	1	0
39249367	1	1	0
39249612	1	1	0
39249857	1	1	0
39281552	1	1	0
39281553	1	1	0
39281554	1	1	0
39281555	1	1	0
39281556	1	1	0
39281557	1	1	0
39281558	1	1	0
39281559	1	1	0
39281560	1	1	0
39281561	1	1	0
39281562	1	1	0
39281563	1	1	0
39281564	1	1	0
39281565	1	1	0
39281566	1	1	0
39281567	1	1	0
39281568	1	1	0
39281569	1	1	0
39281570	1	1	0
39281827	1	1	0
39282084	1	1	0
39282339	1	1	0
39282594	1	1	0
39282849	1	1	0
39283102	1	1	0
39283355	1	1	0
39283606	1	1	0
39283857	1	1	0
39284108	1	1	0
39284357	1	1	0
39284606	1	1	0
39284853	1	1	0
39285100	1	1	0
39285346	1	1	0
39285591	1	1	0
39285836	1	1	0
39286079	1	1	0
39317531	1	1	0
39317532	1	1	0
39317533	1	1	0
39317534	1	1	0
39317535	1	1	0
39317536	1	1	0
39317537	1	1	0
39317538	1	1	0
39317539	1	1	0
39317540	1	1	0
39317541	1	1	0
39317542	1	1	0
39317543	1	1	0
39317544	1	1	0
39317545	1	1	0
39317546	1	1	0
39317547	1	1	0
39317548	1	1	0
39317549	1	1	0
39317806	1	1	0
39318063	1	1	0
39318318	1	1	0
39318573	1	1	0
39318828	1	1	0
39319081	1	1	0
39319334	1	1	0
39319585	1	1	0
39319836	1	1	0
39320087	1	1	0
39320336	1	1	0
39320585	1	1	0
39320832	1	1	0
39321079	1	1	0
39321325	1	1	0
39321570	1	1	0
39321815	1	1	0
39322058	1	1	0
39353509	1	1	0
39353510	1	1	0
39353511	1	1	0
39353512	1	1	0
39353513	1	1	0
39353514	1	1	0
39353515	1	1	0
39353516	1	1	0
39353517	1	1	0
39353518	1	1	0
39353519	1	1	0
39353520	1	1	0
39353521	1	1	0
39353522	1	1	0
39353523	1	1	0
39353524	1	1	0
39353525	1	1	0
39353526	1	1	0
39353527	1	1	0
39353528	1	1	0
39353785	1	1	0
39354042	1	1	0
39354297	1	1	0
39354552	1	1	0
39354807	1	1	0
39355060	1	1	0
39355313	1	1	0
39355564	1	1	0
39355815	1	1	0
39356066	1	1	0
39356315	1	1	0
39356564	1	1	0
39356811	1	1	0
39357058	1	1	0
39357304	1	1	0
39357549	1	1	0
39357794	1	1	0
39358037	1	1	0
39358280	1	1	0
39389488	1	1	0
39389489	1	1	0
39389490	1	1	0
39389491	1	1	0
39389492	1	1	0
39389493	1	1	0
39389494	1	1	0
39389495	1	1	0
39389496	1	1	0
39389497	1	1	0
39389498	1	1	0
39389499	1	1	0
39389500	1	1	0
39389501	1	1	0
39389502	1	1	0
39389503	1	1	0
39389504	1	1	0
39389505	1	1	0
39389506	1	1	0
39389507	1	1	0
39389764	1	1	0
39390021	1	1	0
39390276	1	1	0
39390531	1	1	0
39390786	1	1	0
39391039	1	1	0
39391292	1	1	0
39391543	1	1	0
39391794	1	1	0
39392045	1	1	0
39392294	1	1	0
39392543	1	1	0
39392790	1	1	0
39393037	1	1	0
39393283	1	1	0
39393528	1	1	0
39393773	1	1	0
39394016	1	1	0
39394259	1	1	0
39425467	1	1	0
39425468	1	1	0
39425469	1	1	0
39425470	1	1	0
39425471	1	1	0
39425472	1	1	0
39425473	1	1	0
39425474	1	1	0
39425475	1	1	0
39425476	1	1	0
39425477	1	1	0
39425478	1	1	0
39425479	1	1	0
39425480	1	1	0
39425481	1	1	0
39425482	1	1	0
39425483	1	1	0
39425484	1	1	0
39425485	1	1	0
39425486	1	1	0
39425743	1	1	0
39426000	1	1	0
39426255	1	1	0
39426510	1	1	0
39426765	1	1	0
39427018	1	1	0
39427271	1	1	0
39427522	1	1	0
39427773	1	1	0
39428024	1	1	0
39428273	1	1	0
39428522	1	1	0
39428769	1	1	0
39429016	1	1	0
39429262	1	1	0
39429507	1	1	0
39429752	1	1	0
39429995	1	1	0
39430238	1	1	0
39461446	1	1	0
39461447	1	1	0
39461448	1	1	0
39461449	1	1	0
39461450	1	1	0
39461451	1	1	0
39461452	1	1	0
39461453	1	1	0
39461454	1	1	0
39461455	1	1	0
39461456	1	1	0
39461457	1	1	0
39461458	1	1	0
39461459	1	1	0
39461460	1	1	0
39461461	1	1	0
39461462	1	1	0
39461463	1	1	0
39461464	1	1	0
39461465	1	1	0
39461722	1	1	0
39461979	1	1	0
39462234	1	1	0
39462489	1	1	0
39462744	1	1	0
39462997	1	1	0
39463250	1	1	0
39463501	1	1	0
39463752	1	1	0
39464003	1	1	0
39464252	1	1	0
39464501	1	1	0
39464748	1	1	0
39464995	1	1	0
39465241	1	1	0
39465486	1	1	0
39465731	1	1	0
39465974	1	1	0
39466217	1	1	0
39497425	1	1	0
39497426	1	1	0
39497427	1	1	0
39497428	1	1	0
39497429	1	1	0
39497430	1	1	0
39497431	1	1	0
39497432	1	1	0
39497433	1	1	0
39497434	1	1	0
39497435	1	1	0
39497436	1	1	0
39497437	1	1	0
39497438	1	1	0
39497439	1	1	0
39497440	1	1	0
39497441	1	1	0
39497442	1	1	0
39497443	1	1	0
39497444	1	1	0
39497701	1	1	0
39497958	1	1	0
39498213	1	1	0
39498468	1	1	0
39498723	1	1	0
39498976	1	1	0
39499229	1	1	0
39499480	1	1	0
39499731	1	1	0
39499982	1	1	0
39500231	1	1	0
39500480	1	1	0
39500727	1	1	0
39500974	1	1	0
39501220	1	1	0
39501465	1	1	0
39501710	1	1	0
39501953	1	1	0
39502196	1	1	0
39533404	1	1	0
39533405	1	1	0
39533406	1	1	0
39533407	1	1	0
39533408	1	1	0
39533409	1	1	0
39533410	1	1	0
39533411	1	1	0
39533412	1	1	0
39533413	1	1	0
39533414	1	1	0
39533415	1	1	0
39533416	1	1	0
39533417	1	1	0
39533418	1	1	0
39533419	1	1	0
39533420	1	1	0
39533421	1	1	0
39533422	1	1	0
39533423	1	1	0
39533680	1	1	0
39533937	1	1	0
39534192	1	1	0
39534447	1	1	0
39534702	1	1	0
39534955	1	1	0
39535208	1	1	0
39535459	1	1	0
39535710	1	1	0
39535961	1	1	0
39536210	1	1	0
39536459	1	1	0
39536706	1	1	0
39536953	1	1	0
39537199	1	1	0
39537444	1	1	0
39537689	1	1	0
39537932	1	1	0
39538175	1	1	0
39569382	1	1	0
39569383	1	1	0
39569384	1	1	0
39569385	1	1	0
39569386	1	1	0
39569387	1	1	0
39569388	1	1	0
39569389	1	1	0
39569390	1	1	0
39569391	1	1	0
39569392	1	1	0
39569393	1	1	0
39569394	1	1	0
39569395	1	1	0
39569396	1	1	0
39569397	1	1	0
39569398	1	1	0
39569399	1	1	0
39569400	1	1	0
39569401	1	1	0
39569402	1	1	0
39569640	1	1	0
39569641	1	1	0
39569642	1	1	0
39569643	1	1	0
39569644	1	1	0
39569645	1	1	0
39569646	1	1	0
39569647	1	1	0
39569648	1	1	0
39569649	1	1	0
39569650	1	1	0
39569651	1	1	0
39569652	1	1	0
39569653	1	1	0
39569654	1	1	0
39569655	1	1	0
39569656	1	1	0
39569657	1	1	0
39569658	1	1	0
39569659	1	1	0
39569897	1	1	0
39569898	1	1	0
39569899	1	1	0
39569900	1	1	0
39569901	1	1	0
39569902	1	1	0
39569903	1	1	0
39569904	1	1	0
39569905	1	1	0
39569906	1	1	0
39569907	1	1	0
39569908	1	1	0
39569909	1	1	0
39569910	1	1	0
39569911	1	1	0
39569912	1	1	0
39569913	1	1	0
39569914	1	1	0
39569915	1	1	0
39569916	1	1	0
39570152	1	1	0
39570153	1	1	0
39570154	1	1	0
39570155	1	1	0
39570156	1	1	0
39570157	1	1	0
39570158	1	1	0
39570159	1	1	0
39570160	1	1	0
39570161	1	1	0
39570162	1	1	0
39570163	1	1	0
39570164	1	1	0
39570165	1	1	0
39570166	1	1	0
39570167	1	1	0
39570168	1	1	0
39570169	1	1	0
39570170	1	1	0
39570171	1	1	0
39570407	1	1	0
39570408	1	1	0
39570409	1	1	0
39570410	1	1	0
39570411	1	1	0
39570412	1	1	0
39570413	1	1	0
39570414	1	1	0
39570415	1	1	0
39570416	1	1	0
39570417	1	1	0
39570418	1	1	0
39570419	1	1	0
39570420	1	1	0
39570421	1	1	0
39570422	1	1	0
39570423	1	1	0
39570424	1	1	0
39570425	1	1	0
39570426	1	1	0
39570662	1	1	0
39570663	1	1	0
39570664	1	1	0
39570665	1	1	0
39570666	1	1	0
39570667	1	1	0
39570668	1	1	0
39570669	1	1	0
39570670	1	1	0
39570671	1	1	0
39570672	1	1	0
39570673	1	1	0
39570674	1	1	0
39570675	1	1	0
39570676	1	1	0
39570677	1	1	0
39570678	1	1	0
39570679	1	1	0
39570680	1	1	0
39570681	1	1	0
39570915	1	1	0
39570916	1	1	0
39570917	1	1	0
39570918	1	1	0
39570919	1	1	0
39570920	1	1	0
39570921	1	1	0
39570922	1	1	0
39570923	1	1	0
39570924	1	1	0
39570925	1	1	0
39570926	1	1	0
39570927	1	1	0
39570928	1	1	0
39570929	1	1	0
39570930	1	1	0
39570931	1	1	0
39570932	1	1	0
39570933	1	1	0
39570934	1	1	0
39571169	1	1	0
39571170	1	1	0
39571171	1	1	0
39571172	1	1	0
39571173	1	1	0
39571174	1	1	0
39571175	1	1	0
39571176	1	1	0
39571177	1	1	0
39571178	1	1	0
39571179	1	1	0
39571180	1	1	0
39571181	1	1	0
39571182	1	1	0
39571183	1	1	0
39571184	1	1	0
39571185	1	1	0
39571186	1	1	0
39571187	1	1	0
39571420	1	1	0
39571421	1	1	0
39571422	1	1	0
39571423	1	1	0
39571424	1	1	0
39571425	1	1	0
39571426	1	1	0
39571427	1	1	0
39571428	1	1	0
39571429	1	1	0
39571430	1	1	0
39571431	1	1	0
39571432	1	1	0
39571433	1	1	0
39571434	1	1	0
39571435	1	1	0
39571436	1	1	0
39571437	1	1	0
39571438	1	1	0
39571672	1	1	0
39571673	1	1	0
39571674	1	1	0
39571675	1	1	0
39571676	1	1	0
39571677	1	1	0
39571678	1	1	0
39571679	1	1	0
39571680	1	1	0
39571681	1	1	0
39571682	1	1	0
39571683	1	1	0
39571684	1	1	0
39571685	1	1	0
39571686	1	1	0
39571687	1	1	0
39571688	1	1	0
39571689	1	1	0
39571923	1	1	0
39571924	1	1	0
39571925	1	1	0
39571926	1	1	0
39571927	1	1	0
39571928	1	1	0
39571929	1	1	0
39571930	1	1	0
39571931	1	1	0
39571932	1	1	0
39571933	1	1	0
39571934	1	1	0
39571935	1	1	0
39571936	1	1	0
39571937	1	1	0
39571938	1	1	0
39571939	1	1	0
39571940	1	1	0
39572173	1	1	0
39572174	1	1	0
39572175	1	1	0
39572176	1	1	0
39572177	1	1	0
39572178	1	1	0
39572179	1	1	0
39572180	1	1	0
39572181	1	1	0
39572182	1	1	0
39572183	1	1	0
39572184	1	1	0
39572185	1	1	0
39572186	1	1	0
39572187	1	1	0
39572188	1	1	0
39572189	1	1	0
39572422	1	1	0
39572423	1	1	0
39572424	1	1	0
39572425	1	1	0
39572426	1	1	0
39572427	1	1	0
39572428	1	1	0
39572429	1	1	0
39572430	1	1	0
39572431	1	1	0
39572432	1	1	0
39572433	1	1	0
39572434	1	1	0
39572435	1	1	0
39572436	1	1	0
39572437	1	1	0
39572438	1	1	0
39572670	1	1	0
39572671	1	1	0
39572672	1	1	0
39572673	1	1	0
39572674	1	1	0
39572675	1	1	0
39572676	1	1	0
39572677	1	1	0
39572678	1	1	0
39572679	1	1	0
39572680	1	1	0
39572681	1	1	0
39572682	1	1	0
39572683	1	1	0
39572684	1	1	0
39572685	1	1	0
39572918	1	1	0
39572919	1	1	0
39572920	1	1	0
39572921	1	1	0
39572922	1	1	0
39572923	1	1	0
39572924	1	1	0
39572925	1	1	0
39572926	1	1	0
39572927	1	1	0
39572928	1	1	0
39572929	1	1	0
39572930	1	1	0
39572931	1	1	0
39572932	1	1	0
39573165	1	1	0
39573166	1	1	0
39573167	1	1	0
39573168	1	1	0
39573169	1	1	0
39573170	1	1	0
39573171	1	1	0
39573172	1	1	0
39573173	1	1	0
39573174	1	1	0
39573175	1	1	0
39573176	1	1	0
39573177	1	1	0
39573178	1	1	0
39573411	1	1	0
39573412	1	1	0
39573413	1	1	0
39573414	1	1	0
39573415	1	1	0
39573416	1	1	0
39573417	1	1	0
39573418	1	1	0
39573419	1	1	0
39573420	1	1	0
39573421	1	1	0
39573422	1	1	0
39573423	1	1	0
39573658	1	1	0
39573659	1	1	0
39573660	1	1	0
39573661	1	1	0
39573662	1	1	0
39573663	1	1	0
39573664	1	1	0
39573665	1	1	0
39573666	1	1	0
39573667	1	1	0
39573668	1	1	0
39573903	1	1	0
39573904	1	1	0
39573905	1	1	0
39573906	1	1	0
39573907	1	1	0
39573908	1	1	0
39573909	1	1	0
39573910	1	1	0
39573911	1	1	0
39574148	1	1	0
39574149	1	1	0
39574150	1	1	0
39574151	1	1	0
39574152	1	1	0
39574153	1	1	0
39574154	1	1	0
39574395	1	1	0
38849831	1	-1	0
38885809	1	-1	0
38885810	1	-1	0
38885811	1	-1	0
38885812	1	-1	0
38885813	1	-1	0
38885814	1	-1	0
38885815	1	-1	0
38886066	1	-1	0
38886323	1	-1	0
38886578	1	-1	0
38886833	1	-1	0
38887087	1	-1	0
38887340	1	-1	0
38921787	1	-1	0
38921788	1	-1	0
38921789	1	-1	0
38921790	1	-1	0
38921791	1	-1	0
38921792	1	-1	0
38921793	1	-1	0
38921794	1	-1	0
38921795	1	-1	0
38922044	1	-1	0
38922301	1	-1	0
38922556	1	-1	0
38922811	1	-1	0
38923065	1	-1	0
38923318	1	-1	0
38923571	1	-1	0
38923822	1	-1	0
38957765	1	-1	0
38957766	1	-1	0
38957767	1	-1	0
38957768	1	-1	0
38957769	1	-1	0
38957770	1	-1	0
38957771	1	-1	0
38957772	1	-1	0
38957773	1	-1	0
38957774	1	-1	0
38957775	1	-1	0
38958022	1	-1	0
38958279	1	-1	0
38958534	1	-1	0
38958789	1	-1	0
38959043	1	-1	0
38959296	1	-1	0
38959549	1	-1	0
38959800	1	-1	0
38960051	1	-1	0
38960302	1	-1	0
38993743	1	-1	0
38993744	1	-1	0
38993745	1	-1	0
38993746	1	-1	0
38993747	1	-1	0
38993748	1	-1	0
38993749	1	-1	0
38993750	1	-1	0
38993751	1	-1	0
38993752	1	-1	0
38993753	1	-1	0
38993754	1	-1	0
38993755	1	-1	0
38994000	1	-1	0
38994257	1	-1	0
38994512	1	-1	0
38994767	1	-1	0
38995021	1	-1	0
38995274	1	-1	0
38995527	1	-1	0
38995778	1	-1	0
38996029	1	-1	0
38996280	1	-1	0
38996529	1	-1	0
38996778	1	-1	0
39029721	1	-1	0
39029722	1	-1	0
39029723	1	-1	0
39029724	1	-1	0
39029725	1	-1	0
39029726	1	-1	0
39029727	1	-1	0
39029728	1	-1	0
39029729	1	-1	0
39029730	1	-1	0
39029731	1	-1	0
39029732	1	-1	0
39029733	1	-1	0
39029734	1	-1	0
39029978	1	-1	0
39030235	1	-1	0
39030490	1	-1	0
39030745	1	-1	0
39030999	1	-1	0
39031252	1	-1	0
39031505	1	-1	0
39031756	1	-1	0
39032007	1	-1	0
39032258	1	-1	0
39032507	1	-1	0
39032756	1	-1	0
39033003	1	-1	0
39065699	1	-1	0
39065700	1	-1	0
39065701	1	-1	0
39065702	1	-1	0
39065703	1	-1	0
39065704	1	-1	0
39065705	1	-1	0
39065706	1	-1	0
39065707	1	-1	0
39065708	1	-1	0
39065709	1	-1	0
39065710	1	-1	0
39065711	1	-1	0
39065712	1	-1	0
39065713	1	-1	0
39065956	1	-1	0
39066213	1	-1	0
39066468	1	-1	0
39066723	1	-1	0
39066977	1	-1	0
39067230	1	-1	0
39067483	1	-1	0
39067734	1	-1	0
39067985	1	-1	0
39068236	1	-1	0
39068485	1	-1	0
39068734	1	-1	0
39068981	1	-1	0
39069228	1	-1	0
39101677	1	-1	0
39101678	1	-1	0
39101679	1	-1	0
39101680	1	-1	0
39101681	1	-1	0
39101682	1	-1	0
39101683	1	-1	0
39101684	1	-1	0
39101685	1	-1	0
39101686	1	-1	0
39101687	1	-1	0
39101688	1	-1	0
39101689	1	-1	0
39101690	1	-1	0
39101691	1	-1	0
39101692	1	-1	0
39101934	1	-1	0
39102191	1	-1	0
39102446	1	-1	0
39102701	1	-1	0
39102955	1	-1	0
39103208	1	-1	0
39103461	1	-1	0
39103712	1	-1	0
39103963	1	-1	0
39104214	1	-1	0
39104463	1	-1	0
39104712	1	-1	0
39104959	1	-1	0
39105206	1	-1	0
39105452	1	-1	0
39137655	1	-1	0
39137656	1	-1	0
39137657	1	-1	0
39137658	1	-1	0
39137659	1	-1	0
39137660	1	-1	0
39137661	1	-1	0
39137662	1	-1	0
39137663	1	-1	0
39137664	1	-1	0
39137665	1	-1	0
39137666	1	-1	0
39137667	1	-1	0
39137668	1	-1	0
39137669	1	-1	0
39137670	1	-1	0
39137671	1	-1	0
39137912	1	-1	0
39138169	1	-1	0
39138424	1	-1	0
39138679	1	-1	0
39138934	1	-1	0
39139187	1	-1	0
39139440	1	-1	0
39139691	1	-1	0
39139942	1	-1	0
39140193	1	-1	0
39140442	1	-1	0
39140691	1	-1	0
39140938	1	-1	0
39141185	1	-1	0
39141431	1	-1	0
39141676	1	-1	0
39173634	1	-1	0
39173635	1	-1	0
39173636	1	-1	0
39173637	1	-1	0
39173638	1	-1	0
39173639	1	-1	0
39173640	1	-1	0
39173641	1	-1	0
39173642	1	-1	0
39173643	1	-1	0
39173644	1	-1	0
39173645	1	-1	0
39173646	1	-1	0
39173647	1	-1	0
39173648	1	-1	0
39173649	1	-1	0
39173650	1	-1	0
39173891	1	-1	0
39174148	1	-1	0
39174403	1	-1	0
39174658	1	-1	0
39174913	1	-1	0
39175166	1	-1	0
39175419	1	-1	0
39175670	1	-1	0
39175921	1	-1	0
39176172	1	-1	0
39176421	1	-1	0
39176670	1	-1	0
39176917	1	-1	0
39177164	1	-1	0
39177410	1	-1	0
39177655	1	-1	0
39209613	1	-1	0
39209614	1	-1	0
39209615	1	-1	0
39209616	1	-1	0
39209617	1	-1	0
39209618	1	-1	0
39209619	1	-1	0
39209620	1	-1	0
39209621	1	-1	0
39209622	1	-1	0
39209623	1	-1	0
39209624	1	-1	0
39209625	1	-1	0
39209626	1	-1	0
39209627	1	-1	0
39209628	1	-1	0
39209629	1	-1	0
39209630	1	-1	0
39209870	1	-1	0
39210127	1	-1	0
39210382	1	-1	0
39210637	1	-1	0
39210892	1	-1	0
39211145	1	-1	0
39211398	1	-1	0
39211649	1	-1	0
39211900	1	-1	0
39212151	1	-1	0
39212400	1	-1	0
39212649	1	-1	0
39212896	1	-1	0
39213143	1	-1	0
39213389	1	-1	0
39213634	1	-1	0
39213879	1	-1	0
39245592	1	-1	0
39245593	1	-1	0
39245594	1	-1	0
39245595	1	-1	0
39245596	1	-1	0
39245597	1	-1	0
39245598	1	-1	0
39245599	1	-1	0
39245600	1	-1	0
39245601	1	-1	0
39245602	1	-1	0
39245603	1	-1	0
39245604	1	-1	0
39245605	1	-1	0
39245606	1	-1	0
39245607	1	-1	0
39245608	1	-1	0
39245609	1	-1	0
39245849	1	-1	0
39246106	1	-1	0
39246361	1	-1	0
39246616	1	-1	0
39246871	1	-1	0
39247124	1	-1	0
39247377	1	-1	0
39247628	1	-1	0
39247879	1	-1	0
39248130	1	-1	0
39248379	1	-1	0
39248628	1	-1	0
39248875	1	-1	0
39249122	1	-1	0
39249368	1	-1	0
39249613	1	-1	0
39249858	1	-1	0
39281571	1	-1	0
39281572	1	-1	0
39281573	1	-1	0
39281574	1	-1	0
39281575	1	-1	0
39281576	1	-1	0
39281577	1	-1	0
39281578	1	-1	0
39281579	1	-1	0
39281580	1	-1	0
39281581	1	-1	0
39281582	1	-1	0
39281583	1	-1	0
39281584	1	-1	0
39281585	1	-1	0
39281586	1	-1	0
39281587	1	-1	0
39281588	1	-1	0
39281589	1	-1	0
39281828	1	-1	0
39282085	1	-1	0
39282340	1	-1	0
39282595	1	-1	0
39282850	1	-1	0
39283103	1	-1	0
39283356	1	-1	0
39283607	1	-1	0
39283858	1	-1	0
39284109	1	-1	0
39284358	1	-1	0
39284607	1	-1	0
39284854	1	-1	0
39285101	1	-1	0
39285347	1	-1	0
39285592	1	-1	0
39285837	1	-1	0
39286080	1	-1	0
39317550	1	-1	0
39317551	1	-1	0
39317552	1	-1	0
39317553	1	-1	0
39317554	1	-1	0
39317555	1	-1	0
39317556	1	-1	0
39317557	1	-1	0
39317558	1	-1	0
39317559	1	-1	0
39317560	1	-1	0
39317561	1	-1	0
39317562	1	-1	0
39317563	1	-1	0
39317564	1	-1	0
39317565	1	-1	0
39317566	1	-1	0
39317567	1	-1	0
39317568	1	-1	0
39317807	1	-1	0
39318064	1	-1	0
39318319	1	-1	0
39318574	1	-1	0
39318829	1	-1	0
39319082	1	-1	0
39319335	1	-1	0
39319586	1	-1	0
39319837	1	-1	0
39320088	1	-1	0
39320337	1	-1	0
39320586	1	-1	0
39320833	1	-1	0
39321080	1	-1	0
39321326	1	-1	0
39321571	1	-1	0
39321816	1	-1	0
39322059	1	-1	0
39353529	1	-1	0
39353530	1	-1	0
39353531	1	-1	0
39353532	1	-1	0
39353533	1	-1	0
39353534	1	-1	0
39353535	1	-1	0
39353536	1	-1	0
39353537	1	-1	0
39353538	1	-1	0
39353539	1	-1	0
39353540	1	-1	0
39353541	1	-1	0
39353542	1	-1	0
39353543	1	-1	0
39353544	1	-1	0
39353545	1	-1	0
39353546	1	-1	0
39353547	1	-1	0
39353548	1	-1	0
39353786	1	-1	0
39354043	1	-1	0
39354298	1	-1	0
39354553	1	-1	0
39354808	1	-1	0
39355061	1	-1	0
39355314	1	-1	0
39355565	1	-1	0
39355816	1	-1	0
39356067	1	-1	0
39356316	1	-1	0
39356565	1	-1	0
39356812	1	-1	0
39357059	1	-1	0
39357305	1	-1	0
39357550	1	-1	0
39357795	1	-1	0
39358038	1	-1	0
39358281	1	-1	0
39389508	1	-1	0
39389509	1	-1	0
39389510	1	-1	0
39389511	1	-1	0
39389512	1	-1	0
39389513	1	-1	0
39389514	1	-1	0
39389515	1	-1	0
39389516	1	-1	0
39389517	1	-1	0
39389518	1	-1	0
39389519	1	-1	0
39389520	1	-1	0
39389521	1	-1	0
39389522	1	-1	0
39389523	1	-1	0
39389524	1	-1	0
39389525	1	-1	0
39389526	1	-1	0
39389527	1	-1	0
39389765	1	-1	0
39390022	1	-1	0
39390277	1	-1	0
39390532	1	-1	0
39390787	1	-1	0
39391040	1	-1	0
39391293	1	-1	0
39391544	1	-1	0
39391795	1	-1	0
39392046	1	-1	0
39392295	1	-1	0
39392544	1	-1	0
39392791	1	-1	0
39393038	1	-1	0
39393284	1	-1	0
39393529	1	-1	0
39393774	1	-1	0
39394017	1	-1	0
39394260	1	-1	0
39425487	1	-1	0
39425488	1	-1	0
39425489	1	-1	0
39425490	1	-1	0
39425491	1	-1	0
39425492	1	-1	0
39425493	1	-1	0
39425494	1	-1	0
39425495	1	-1	0
39425496	1	-1	0
39425497	1	-1	0
39425498	1	-1	0
39425499	1	-1	0
39425500	1	-1	0
39425501	1	-1	0
39425502	1	-1	0
39425503	1	-1	0
39425504	1	-1	0
39425505	1	-1	0
39425506	1	-1	0
39425744	1	-1	0
39426001	1	-1	0
39426256	1	-1	0
39426511	1	-1	0
39426766	1	-1	0
39427019	1	-1	0
39427272	1	-1	0
39427523	1	-1	0
39427774	1	-1	0
39428025	1	-1	0
39428274	1	-1	0
39428523	1	-1	0
39428770	1	-1	0
39429017	1	-1	0
39429263	1	-1	0
39429508	1	-1	0
39429753	1	-1	0
39429996	1	-1	0
39430239	1	-1	0
39461466	1	-1	0
39461467	1	-1	0
39461468	1	-1	0
39461469	1	-1	0
39461470	1	-1	0
39461471	1	-1	0
39461472	1	-1	0
39461473	1	-1	0
39461474	1	-1	0
39461475	1	-1	0
39461476	1	-1	0
39461477	1	-1	0
39461478	1	-1	0
39461479	1	-1	0
39461480	1	-1	0
39461481	1	-1	0
39461482	1	-1	0
39461483	1	-1	0
39461484	1	-1	0
39461485	1	-1	0
39461723	1	-1	0
39461980	1	-1	0
39462235	1	-1	0
39462490	1	-1	0
39462745	1	-1	0
39462998	1	-1	0
39463251	1	-1	0
39463502	1	-1	0
39463753	1	-1	0
39464004	1	-1	0
39464253	1	-1	0
39464502	1	-1	0
39464749	1	-1	0
39464996	1	-1	0
39465242	1	-1	0
39465487	1	-1	0
39465732	1	-1	0
39465975	1	-1	0
39466218	1	-1	0
39497445	1	-1	0
39497446	1	-1	0
39497447	1	-1	0
39497448	1	-1	0
39497449	1	-1	0
39497450	1	-1	0
39497451	1	-1	0
39497452	1	-1	0
39497453	1	-1	0
39497454	1	-1	0
39497455	1	-1	0
39497456	1	-1	0
39497457	1	-1	0
39497458	1	-1	0
39497459	1	-1	0
39497460	1	-1	0
39497461	1	-1	0
39497462	1	-1	0
39497463	1	-1	0
39497464	1	-1	0
39497702	1	-1	0
39497959	1	-1	0
39498214	1	-1	0
39498469	1	-1	0
39498724	1	-1	0
39498977	1	-1	0
39499230	1	-1	0
39499481	1	-1	0
39499732	1	-1	0
39499983	1	-1	0
39500232	1	-1	0
39500481	1	-1	0
39500728	1	-1	0
39500975	1	-1	0
39501221	1	-1	0
39501466	1	-1	0
39501711	1	-1	0
39501954	1	-1	0
39502197	1	-1	0
39533424	1	-1	0
39533425	1	-1	0
39533426	1	-1	0
39533427	1	-1	0
39533428	1	-1	0
39533429	1	-1	0
39533430	1	-1	0
39533431	1	-1	0
39533432	1	-1	0
39533433	1	-1	0
39533434	1	-1	0
39533435	1	-1	0
39533436	1	-1	0
39533437	1	-1	0
39533438	1	-1	0
39533439	1	-1	0
39533440	1	-1	0
39533441	1	-1	0
39533442	1	-1	0
39533443	1	-1	0
39533681	1	-1	0
39533938	1	-1	0
39534193	1	-1	0
39534448	1	-1	0
39534703	1	-1	0
39534956	1	-1	0
39535209	1	-1	0
39535460	1	-1	0
39535711	1	-1	0
39535962	1	-1	0
39536211	1	-1	0
39536460	1	-1	0
39536707	1	-1	0
39536954	1	-1	0
39537200	1	-1	0
39537445	1	-1	0
39537690	1	-1	0
39537933	1	-1	0
39538176	1	-1	0
39569403	1	-1	0
39569404	1	-1	0
39569405	1	-1	0
39569406	1	-1	0
39569407	1	-1	0
39569408	1	-1	0
39569409	1	-1	0
39569410	1	-1	0
39569411	1	-1	0
39569412	1	-1	0
39569413	1	-1	0
39569414	1	-1	0
39569415	1	-1	0
39569416	1	-1	0
39569417	1	-1	0
39569418	1	-1	0
39569419	1	-1	0
39569420	1	-1	0
39569421	1	-1	0
39569422	1	-1	0
39569423	1	-1	0
39569660	1	-1	0
39569661	1	-1	0
39569662	1	-1	0
39569663	1	-1	0
39569664	1	-1	0
39569665	1	-1	0
39569666	1	-1	0
39569667	1	-1	0
39569668	1	-1	0
39569669	1	-1	0
39569670	1	-1	0
39569671	1	-1	0
39569672	1	-1	0
39569673	1	-1	0
39569674	1	-1	0
39569675	1	-1	0
39569676	1	-1	0
39569677	1	-1	0
39569678	1	-1	0
39569679	1	-1	0
39569917	1	-1	0
39569918	1	-1	0
39569919	1	-1	0
39569920	1	-1	0
39569921	1	-1	0
39569922	1	-1	0
39569923	1	-1	0
39569924	1	-1	0
39569925	1	-1	0
39569926	1	-1	0
39569927	1	-1	0
39569928	1	-1	0
39569929	1	-1	0
39569930	1	-1	0
39569931	1	-1	0
39569932	1	-1	0
39569933	1	-1	0
39569934	1	-1	0
39569935	1	-1	0
39569936	1	-1	0
39570172	1	-1	0
39570173	1	-1	0
39570174	1	-1	0
39570175	1	-1	0
39570176	1	-1	0
39570177	1	-1	0
39570178	1	-1	0
39570179	1	-1	0
39570180	1	-1	0
39570181	1	-1	0
39570182	1	-1	0
39570183	1	-1	0
39570184	1	-1	0
39570185	1	-1	0
39570186	1	-1	0
39570187	1	-1	0
39570188	1	-1	0
39570189	1	-1	0
39570190	1	-1	0
39570191	1	-1	0
39570427	1	-1	0
39570428	1	-1	0
39570429	1	-1	0
39570430	1	-1	0
39570431	1	-1	0
39570432	1	-1	0
39570433	1	-1	0
39570434	1	-1	0
39570435	1	-1	0
39570436	1	-1	0
39570437	1	-1	0
39570438	1	-1	0
39570439	1	-1	0
39570440	1	-1	0
39570441	1	-1	0
39570442	1	-1	0
39570443	1	-1	0
39570444	1	-1	0
39570445	1	-1	0
39570446	1	-1	0
39570682	1	-1	0
39570683	1	-1	0
39570684	1	-1	0
39570685	1	-1	0
39570686	1	-1	0
39570687	1	-1	0
39570688	1	-1	0
39570689	1	-1	0
39570690	1	-1	0
39570691	1	-1	0
39570692	1	-1	0
39570693	1	-1	0
39570694	1	-1	0
39570695	1	-1	0
39570696	1	-1	0
39570697	1	-1	0
39570698	1	-1	0
39570699	1	-1	0
39570700	1	-1	0
39570701	1	-1	0
39570935	1	-1	0
39570936	1	-1	0
39570937	1	-1	0
39570938	1	-1	0
39570939	1	-1	0
39570940	1	-1	0
39570941	1	-1	0
39570942	1	-1	0
39570943	1	-1	0
39570944	1	-1	0
39570945	1	-1	0
39570946	1	-1	0
39570947	1	-1	0
39570948	1	-1	0
39570949	1	-1	0
39570950	1	-1	0
39570951	1	-1	0
39570952	1	-1	0
39570953	1	-1	0
39570954	1	-1	0
39571188	1	-1	0
39571189	1	-1	0
39571190	1	-1	0
39571191	1	-1	0
39571192	1	-1	0
39571193	1	-1	0
39571194	1	-1	0
39571195	1	-1	0
39571196	1	-1	0
39571197	1	-1	0
39571198	1	-1	0
39571199	1	-1	0
39571200	1	-1	0
39571201	1	-1	0
39571202	1	-1	0
39571203	1	-1	0
39571204	1	-1	0
39571205	1	-1	0
39571206	1	-1	0
39571439	1	-1	0
39571440	1	-1	0
39571441	1	-1	0
39571442	1	-1	0
39571443	1	-1	0
39571444	1	-1	0
39571445	1	-1	0
39571446	1	-1	0
39571447	1	-1	0
39571448	1	-1	0
39571449	1	-1	0
39571450	1	-1	0
39571451	1	-1	0
39571452	1	-1	0
39571453	1	-1	0
39571454	1	-1	0
39571455	1	-1	0
39571456	1	-1	0
39571457	1	-1	0
39571690	1	-1	0
39571691	1	-1	0
39571692	1	-1	0
39571693	1	-1	0
39571694	1	-1	0
39571695	1	-1	0
39571696	1	-1	0
39571697	1	-1	0
39571698	1	-1	0
39571699	1	-1	0
39571700	1	-1	0
39571701	1	-1	0
39571702	1	-1	0
39571703	1	-1	0
39571704	1	-1	0
39571705	1	-1	0
39571706	1	-1	0
39571707	1	-1	0
39571941	1	-1	0
39571942	1	-1	0
39571943	1	-1	0
39571944	1	-1	0
39571945	1	-1	0
39571946	1	-1	0
39571947	1	-1	0
39571948	1	-1	0
39571949	1	-1	0
39571950	1	-1	0
39571951	1	-1	0
39571952	1	-1	0
39571953	1	-1	0
39571954	1	-1	0
39571955	1	-1	0
39571956	1	-1	0
39571957	1	-1	0
39571958	1	-1	0
39572190	1	-1	0
39572191	1	-1	0
39572192	1	-1	0
39572193	1	-1	0
39572194	1	-1	0
39572195	1	-1	0
39572196	1	-1	0
39572197	1	-1	0
39572198	1	-1	0
39572199	1	-1	0
39572200	1	-1	0
39572201	1	-1	0
39572202	1	-1	0
39572203	1	-1	0
39572204	1	-1	0
39572205	1	-1	0
39572206	1	-1	0
39572439	1	-1	0
39572440	1	-1	0
39572441	1	-1	0
39572442	1	-1	0
39572443	1	-1	0
39572444	1	-1	0
39572445	1	-1	0
39572446	1	-1	0
39572447	1	-1	0
39572448	1	-1	0
39572449	1	-1	0
39572450	1	-1	0
39572451	1	-1	0
39572452	1	-1	0
39572453	1	-1	0
39572454	1	-1	0
39572455	1	-1	0
39572686	1	-1	0
39572687	1	-1	0
39572688	1	-1	0
39572689	1	-1	0
39572690	1	-1	0
39572691	1	-1	0
39572692	1	-1	0
39572693	1	-1	0
39572694	1	-1	0
39572695	1	-1	0
39572696	1	-1	0
39572697	1	-1	0
39572698	1	-1	0
39572699	1	-1	0
39572700	1	-1	0
39572701	1	-1	0
39572933	1	-1	0
39572934	1	-1	0
39572935	1	-1	0
39572936	1	-1	0
39572937	1	-1	0
39572938	1	-1	0
39572939	1	-1	0
39572940	1	-1	0
39572941	1	-1	0
39572942	1	-1	0
39572943	1	-1	0
39572944	1	-1	0
39572945	1	-1	0
39572946	1	-1	0
39572947	1	-1	0
39573179	1	-1	0
39573180	1	-1	0
39573181	1	-1	0
39573182	1	-1	0
39573183	1	-1	0
39573184	1	-1	0
39573185	1	-1	0
39573186	1	-1	0
39573187	1	-1	0
39573188	1	-1	0
39573189	1	-1	0
39573190	1	-1	0
39573191	1	-1	0
39573192	1	-1	0
39573424	1	-1	0
39573425	1	-1	0
39573426	1	-1	0
39573427	1	-1	0
39573428	1	-1	0
39573429	1	-1	0
39573430	1	-1	0
39573431	1	-1	0
39573432	1	-1	0
39573433	1	-1	0
39573434	1	-1	0
39573435	1	-1	0
39573436	1	-1	0
39573669	1	-1	0
39573670	1	-1	0
39573671	1	-1	0
39573672	1	-1	0
39573673	1	-1	0
39573674	1	-1	0
39573675	1	-1	0
39573676	1	-1	0
39573677	1	-1	0
39573678	1	-1	0
39573679	1	-1	0
39573912	1	-1	0
39573913	1	-1	0
39573914	1	-1	0
39573915	1	-1	0
39573916	1	-1	0
39573917	1	-1	0
39573918	1	-1	0
39573919	1	-1	0
39573920	1	-1	0
39574155	1	-1	0
39574156	1	-1	0
39574157	1	-1	0
39574158	1	-1	0
39574159	1	-1	0
39574160	1	-1	0
39574161	1	-1	0
39574396	1	-1	0
38849575	-1	-1	0
38884019	-1	-1	0
38884273	-1	-1	0
38884527	-1	-1	0
38884783	-1	-1	0
38885039	-1	-1	0
38885295	-1	-1	0
38885552	-1	-1	0
38885553	-1	-1	0
38885554	-1	-1	0
38885555	-1	-1	0
38885556	-1	-1	0
38885557	-1	-1	0
38885558	-1	-1	0
38885559	-1	-1	0
38919492	-1	-1	0
38919744	-1	-1	0
38919997	-1	-1	0
38920251	-1	-1	0
38920505	-1	-1	0
38920761	-1	-1	0
38921017	-1	-1	0
38921273	-1	-1	0
38921530	-1	-1	0
38921531	-1	-1	0
38921532	-1	-1	0
38921533	-1	-1	0
38921534	-1	-1	0
38921535	-1	-1	0
38921536	-1	-1	0
38921537	-1	-1	0
38921538	-1	-1	0
38921539	-1	-1	0
38954968	-1	-1	0
38955218	-1	-1	0
38955470	-1	-1	0
38955722	-1	-1	0
38955975	-1	-1	0
38956229	-1	-1	0
38956483	-1	-1	0
38956739	-1	-1	0
38956995	-1	-1	0
38957251	-1	-1	0
38957508	-1	-1	0
38957509	-1	-1	0
38957510	-1	-1	0
38957511	-1	-1	0
38957512	-1	-1	0
38957513	-1	-1	0
38957514	-1	-1	0
38957515	-1	-1	0
38957516	-1	-1	0
38957517	-1	-1	0
38957518	-1	-1	0
38957519	-1	-1	0
38990696	-1	-1	0
38990946	-1	-1	0
38991196	-1	-1	0
38991448	-1	-1	0
38991700	-1	-1	0
38991953	-1	-1	0
38992207	-1	-1	0
38992461	-1	-1	0
38992717	-1	-1	0
38992973	-1	-1	0
38993229	-1	-1	0
38993486	-1	-1	0
38993487	-1	-1	0
38993488	-1	-1	0
38993489	-1	-1	0
38993490	-1	-1	0
38993491	-1	-1	0
38993492	-1	-1	0
38993493	-1	-1	0
38993494	-1	-1	0
38993495	-1	-1	0
38993496	-1	-1	0
38993497	-1	-1	0
38993498	-1	-1	0
38993499	-1	-1	0
39026177	-1	-1	0
39026425	-1	-1	0
39026674	-1	-1	0
39026924	-1	-1	0
39027174	-1	-1	0
39027426	-1	-1	0
39027678	-1	-1	0
39027931	-1	-1	0
39028185	-1	-1	0
39028439	-1	-1	0
39028695	-1	-1	0
39028951	-1	-1	0
39029207	-1	-1	0
39029464	-1	-1	0
39029465	-1	-1	0
39029466	-1	-1	0
39029467	-1	-1	0
39029468	-1	-1	0
39029469	-1	-1	0
39029470	-1	-1	0
39029471	-1	-1	0
39029472	-1	-1	0
39029473	-1	-1	0
39029474	-1	-1	0
39029475	-1	-1	0
39029476	-1	-1	0
39029477	-1	-1	0
39029478	-1	-1	0
39061907	-1	-1	0
39062155	-1	-1	0
39062403	-1	-1	0
39062652	-1	-1	0
39062902	-1	-1	0
39063152	-1	-1	0
39063404	-1	-1	0
39063656	-1	-1	0
39063909	-1	-1	0
39064163	-1	-1	0
39064417	-1	-1	0
39064673	-1	-1	0
39064929	-1	-1	0
39065185	-1	-1	0
39065442	-1	-1	0
39065443	-1	-1	0
39065444	-1	-1	0
39065445	-1	-1	0
39065446	-1	-1	0
39065447	-1	-1	0
39065448	-1	-1	0
39065449	-1	-1	0
39065450	-1	-1	0
39065451	-1	-1	0
39065452	-1	-1	0
39065453	-1	-1	0
39065454	-1	-1	0
39065455	-1	-1	0
39065456	-1	-1	0
39065457	-1	-1	0
39097639	-1	-1	0
39097885	-1	-1	0
39098133	-1	-1	0
39098381	-1	-1	0
39098630	-1	-1	0
39098880	-1	-1	0
39099130	-1	-1	0
39099382	-1	-1	0
39099634	-1	-1	0
39099887	-1	-1	0
39100141	-1	-1	0
39100395	-1	-1	0
39100651	-1	-1	0
39100907	-1	-1	0
39101163	-1	-1	0
39101420	-1	-1	0
39101421	-1	-1	0
39101422	-1	-1	0
39101423	-1	-1	0
39101424	-1	-1	0
39101425	-1	-1	0
39101426	-1	-1	0
39101427	-1	-1	0
39101428	-1	-1	0
39101429	-1	-1	0
39101430	-1	-1	0
39101431	-1	-1	0
39101432	-1	-1	0
39101433	-1	-1	0
39101434	-1	-1	0
39101435	-1	-1	0
39101436	-1	-1	0
39133617	-1	-1	0
39133863	-1	-1	0
39134111	-1	-1	0
39134359	-1	-1	0
39134608	-1	-1	0
39134858	-1	-1	0
39135108	-1	-1	0
39135360	-1	-1	0
39135612	-1	-1	0
39135865	-1	-1	0
39136119	-1	-1	0
39136373	-1	-1	0
39136629	-1	-1	0
39136885	-1	-1	0
39137141	-1	-1	0
39137398	-1	-1	0
39137399	-1	-1	0
39137400	-1	-1	0
39137401	-1	-1	0
39137402	-1	-1	0
39137403	-1	-1	0
39137404	-1	-1	0
39137405	-1	-1	0
39137406	-1	-1	0
39137407	-1	-1	0
39137408	-1	-1	0
39137409	-1	-1	0
39137410	-1	-1	0
39137411	-1	-1	0
39137412	-1	-1	0
39137413	-1	-1	0
39137414	-1	-1	0
39137415	-1	-1	0
39169350	-1	-1	0
39169596	-1	-1	0
39169842	-1	-1	0
39170090	-1	-1	0
39170338	-1	-1	0
39170587	-1	-1	0
39170837	-1	-1	0
39171087	-1	-1	0
39171339	-1	-1	0
39171591	-1	-1	0
39171844	-1	-1	0
39172098	-1	-1	0
39172352	-1	-1	0
39172608	-1	-1	0
39172864	-1	-1	0
39173120	-1	-1	0
39173377	-1	-1	0
39173378	-1	-1	0
39173379	-1	-1	0
39173380	-1	-1	0
39173381	-1	-1	0
39173382	-1	-1	0
39173383	-1	-1	0
39173384	-1	-1	0
39173385	-1	-1	0
39173386	-1	-1	0
39173387	-1	-1	0
39173388	-1	-1	0
39173389	-1	-1	0
39173390	-1	-1	0
39173391	-1	-1	0
39173392	-1	-1	0
39173393	-1	-1	0
39173394	-1	-1	0
39205085	-1	-1	0
39205329	-1	-1	0
39205575	-1	-1	0
39205821	-1	-1	0
39206069	-1	-1	0
39206317	-1	-1	0
39206566	-1	-1	0
39206816	-1	-1	0
39207066	-1	-1	0
39207318	-1	-1	0
39207570	-1	-1	0
39207823	-1	-1	0
39208077	-1	-1	0
39208331	-1	-1	0
39208587	-1	-1	0
39208843	-1	-1	0
39209099	-1	-1	0
39209356	-1	-1	0
39209357	-1	-1	0
39209358	-1	-1	0
39209359	-1	-1	0
39209360	-1	-1	0
39209361	-1	-1	0
39209362	-1	-1	0
39209363	-1	-1	0
39209364	-1	-1	0
39209365	-1	-1	0
39209366	-1	-1	0
39209367	-1	-1	0
39209368	-1	-1	0
39209369	-1	-1	0
39209370	-1	-1	0
39209371	-1	-1	0
39209372	-1	-1	0
39209373	-1	-1	0
39209374	-1	-1	0
39241064	-1	-1	0
39241308	-1	-1	0
39241554	-1	-1	0
39241800	-1	-1	0
39242048	-1	-1	0
39242296	-1	-1	0
39242545	-1	-1	0
39242795	-1	-1	0
39243045	-1	-1	0
39243297	-1	-1	0
39243549	-1	-1	0
39243802	-1	-1	0
39244056	-1	-1	0
39244310	-1	-1	0
39244566	-1	-1	0
39244822	-1	-1	0
39245078	-1	-1	0
39245335	-1	-1	0
39245336	-1	-1	0
39245337	-1	-1	0
39245338	-1	-1	0
39245339	-1	-1	0
39245340	-1	-1	0
39245341	-1	-1	0
39245342	-1	-1	0
39245343	-1	-1	0
39245344	-1	-1	0
39245345	-1	-1	0
39245346	-1	-1	0
39245347	-1	-1	0
39245348	-1	-1	0
39245349	-1	-1	0
39245350	-1	-1	0
39245351	-1	-1	0
39245352	-1	-1	0
39245353	-1	-1	0
39276799	-1	-1	0
39277043	-1	-1	0
39277287	-1	-1	0
39277533	-1	-1	0
39277779	-1	-1	0
39278027	-1	-1	0
39278275	-1	-1	0
39278524	-1	-1	0
39278774	-1	-1	0
39279024	-1	-1	0
39279276	-1	-1	0
39279528	-1	-1	0
39279781	-1	-1	0
39280035	-1	-1	0
39280289	-1	-1	0
39280545	-1	-1	0
39280801	-1	-1	0
39281057	-1	-1	0
39281314	-1	-1	0
39281315	-1	-1	0
39281316	-1	-1	0
39281317	-1	-1	0
39281318	-1	-1	0
39281319	-1	-1	0
39281320	-1	-1	0
39281321	-1	-1	0
39281322	-1	-1	0
39281323	-1	-1	0
39281324	-1	-1	0
39281325	-1	-1	0
39281326	-1	-1	0
39281327	-1	-1	0
39281328	-1	-1	0
39281329	-1	-1	0
39281330	-1	-1	0
39281331	-1	-1	0
39281332	-1	-1	0
39281333	-1	-1	0
39312778	-1	-1	0
39313022	-1	-1	0
39313266	-1	-1	0
39313512	-1	-1	0
39313758	-1	-1	0
39314006	-1	-1	0
39314254	-1	-1	0
39314503	-1	-1	0
39314753	-1	-1	0
39315003	-1	-1	0
39315255	-1	-1	0
39315507	-1	-1	0
39315760	-1	-1	0
39316014	-1	-1	0
39316268	-1	-1	0
39316524	-1	-1	0
39316780	-1	-1	0
39317036	-1	-1	0
39317293	-1	-1	0
39317294	-1	-1	0
39317295	-1	-1	0
39317296	-1	-1	0
39317297	-1	-1	0
39317298	-1	-1	0
39317299	-1	-1	0
39317300	-1	-1	0
39317301	-1	-1	0
39317302	-1	-1	0
39317303	-1	-1	0
39317304	-1	-1	0
39317305	-1	-1	0
39317306	-1	-1	0
39317307	-1	-1	0
39317308	-1	-1	0
39317309	-1	-1	0
39317310	-1	-1	0
39317311	-1	-1	0
39317312	-1	-1	0
39348515	-1	-1	0
39348757	-1	-1	0
39349001	-1	-1	0
39349245	-1	-1	0
39349491	-1	-1	0
39349737	-1	-1	0
39349985	-1	-1	0
39350233	-1	-1	0
39350482	-1	-1	0
39350732	-1	-1	0
39350982	-1	-1	0
39351234	-1	-1	0
39351486	-1	-1	0
39351739	-1	-1	0
39351993	-1	-1	0
39352247	-1	-1	0
39352503	-1	-1	0
39352759	-1	-1	0
39353015	-1	-1	0
39353272	-1	-1	0
39353273	-1	-1	0
39353274	-1	-1	0
39353275	-1	-1	0
39353276	-1	-1	0
39353277	-1	-1	0
39353278	-1	-1	0
39353279	-1	-1	0
39353280	-1	-1	0
39353281	-1	-1	0
39353282	-1	-1	0
39353283	-1	-1	0
39353284	-1	-1	0
39353285	-1	-1	0
39353286	-1	-1	0
39353287	-1	-1	0
39353288	-1	-1	0
39353289	-1	-1	0
39353290	-1	-1	0
39353291	-1	-1	0
39353292	-1	-1	0
39384494	-1	-1	0
39384736	-1	-1	0
39384980	-1	-1	0
39385224	-1	-1	0
39385470	-1	-1	0
39385716	-1	-1	0
39385964	-1	-1	0
39386212	-1	-1	0
39386461	-1	-1	0
39386711	-1	-1	0
39386961	-1	-1	0
39387213	-1	-1	0
39387465	-1	-1	0
39387718	-1	-1	0
39387972	-1	-1	0
39388226	-1	-1	0
39388482	-1	-1	0
39388738	-1	-1	0
39388994	-1	-1	0
39389251	-1	-1	0
39389252	-1	-1	0
39389253	-1	-1	0
39389254	-1	-1	0
39389255	-1	-1	0
39389256	-1	-1	0
39389257	-1	-1	0
39389258	-1	-1	0
39389259	-1	-1	0
39389260	-1	-1	0
39389261	-1	-1	0
39389262	-1	-1	0
39389263	-1	-1	0
39389264	-1	-1	0
39389265	-1	-1	0
39389266	-1	-1	0
39389267	-1	-1	0
39389268	-1	-1	0
39389269	-1	-1	0
39389270	-1	-1	0
39389271	-1	-1	0
39420473	-1	-1	0
39420715	-1	-1	0
39420959	-1	-1	0
39421203	-1	-1	0
39421449	-1	-1	0
39421695	-1	-1	0
39421943	-1	-1	0
39422191	-1	-1	0
39422440	-1	-1	0
39422690	-1	-1	0
39422940	-1	-1	0
39423192	-1	-1	0
39423444	-1	-1	0
39423697	-1	-1	0
39423951	-1	-1	0
39424205	-1	-1	0
39424461	-1	-1	0
39424717	-1	-1	0
39424973	-1	-1	0
39425230	-1	-1	0
39425231	-1	-1	0
39425232	-1	-1	0
39425233	-1	-1	0
39425234	-1	-1	0
39425235	-1	-1	0
39425236	-1	-1	0
39425237	-1	-1	0
39425238	-1	-1	0
39425239	-1	-1	0
39425240	-1	-1	0
39425241	-1	-1	0
39425242	-1	-1	0
39425243	-1	-1	0
39425244	-1	-1	0
39425245	-1	-1	0
39425246	-1	-1	0
39425247	-1	-1	0
39425248	-1	-1	0
39425249	-1	-1	0
39425250	-1	-1	0
39456452	-1	-1	0
39456694	-1	-1	0
39456938	-1	-1	0
39457182	-1	-1	0
39457428	-1	-1	0
39457674	-1	-1	0
39457922	-1	-1	0
39458170	-1	-1	0
39458419	-1	-1	0
39458669	-1	-1	0
39458919	-1	-1	0
39459171	-1	-1	0
39459423	-1	-1	0
39459676	-1	-1	0
39459930	-1	-1	0
39460184	-1	-1	0
39460440	-1	-1	0
39460696	-1	-1	0
39460952	-1	-1	0
39461209	-1	-1	0
39461210	-1	-1	0
39461211	-1	-1	0
39461212	-1	-1	0
39461213	-1	-1	0
39461214	-1	-1	0
39461215	-1	-1	0
39461216	-1	-1	0
39461217	-1	-1	0
39461218	-1	-1	0
39461219	-1	-1	0
39461220	-1	-1	0
39461221	-1	-1	0
39461222	-1	-1	0
39461223	-1	-1	0
39461224	-1	-1	0
39461225	-1	-1	0
39461226	-1	-1	0
39461227	-1	-1	0
39461228	-1	-1	0
39461229	-1	-1	0
39492431	-1	-1	0
39492673	-1	-1	0
39492917	-1	-1	0
39493161	-1	-1	0
39493407	-1	-1	0
39493653	-1	-1	0
39493901	-1	-1	0
39494149	-1	-1	0
39494398	-1	-1	0
39494648	-1	-1	0
39494898	-1	-1	0
39495150	-1	-1	0
39495402	-1	-1	0
39495655	-1	-1	0
39495909	-1	-1	0
39496163	-1	-1	0
39496419	-1	-1	0
39496675	-1	-1	0
39496931	-1	-1	0
39497188	-1	-1	0
39497189	-1	-1	0
39497190	-1	-1	0
39497191	-1	-1	0
39497192	-1	-1	0
39497193	-1	-1	0
39497194	-1	-1	0
39497195	-1	-1	0
39497196	-1	-1	0
39497197	-1	-1	0
39497198	-1	-1	0
39497199	-1	-1	0
39497200	-1	-1	0
39497201	-1	-1	0
39497202	-1	-1	0
39497203	-1	-1	0
39497204	-1	-1	0
39497205	-1	-1	0
39497206	-1	-1	0
39497207	-1	-1	0
39497208	-1	-1	0
39528410	-1	-1	0
39528652	-1	-1	0
39528896	-1	-1	0
39529140	-1	-1	0
39529386	-1	-1	0
39529632	-1	-1	0
39529880	-1	-1	0
39530128	-1	-1	0
39530377	-1	-1	0
39530627	-1	-1	0
39530877	-1	-1	0
39531129	-1	-1	0
39531381	-1	-1	0
39531634	-1	-1	0
39531888	-1	-1	0
39532142	-1	-1	0
39532398	-1	-1	0
39532654	-1	-1	0
39532910	-1	-1	0
39533167	-1	-1	0
39533168	-1	-1	0
39533169	-1	-1	0
39533170	-1	-1	0
39533171	-1	-1	0
39533172	-1	-1	0
39533173	-1	-1	0
39533174	-1	-1	0
39533175	-1	-1	0
39533176	-1	-1	0
39533177	-1	-1	0
39533178	-1	-1	0
39533179	-1	-1	0
39533180	-1	-1	0
39533181	-1	-1	0
39533182	-1	-1	0
39533183	-1	-1	0
39533184	-1	-1	0
39533185	-1	-1	0
39533186	-1	-1	0
39533187	-1	-1	0
39564148	-1	-1	0
39564389	-1	-1	0
39564390	-1	-1	0
39564391	-1	-1	0
39564392	-1	-1	0
39564393	-1	-1	0
39564394	-1	-1	0
39564395	-1	-1	0
39564396	-1	-1	0
39564631	-1	-1	0
39564632	-1	-1	0
39564633	-1	-1	0
39564634	-1	-1	0
39564635	-1	-1	0
39564636	-1	-1	0
39564637	-1	-1	0
39564638	-1	-1	0
39564639	-1	-1	0
39564640	-1	-1	0
39564875	-1	-1	0
39564876	-1	-1	0
39564877	-1	-1	0
39564878	-1	-1	0
39564879	-1	-1	0
39564880	-1	-1	0
39564881	-1	-1	0
39564882	-1	-1	0
39564883	-1	-1	0
39564884	-1	-1	0
39564885	-1	-1	0
39564886	-1	-1	0
39565119	-1	-1	0
39565120	-1	-1	0
39565121	-1	-1	0
39565122	-1	-1	0
39565123	-1	-1	0
39565124	-1	-1	0
39565125	-1	-1	0
39565126	-1	-1	0
39565127	-1	-1	0
39565128	-1	-1	0
39565129	-1	-1	0
39565130	-1	-1	0
39565131	-1	-1	0
39565132	-1	-1	0
39565365	-1	-1	0
39565366	-1	-1	0
39565367	-1	-1	0
39565368	-1	-1	0
39565369	-1	-1	0
39565370	-1	-1	0
39565371	-1	-1	0
39565372	-1	-1	0
39565373	-1	-1	0
39565374	-1	-1	0
39565375	-1	-1	0
39565376	-1	-1	0
39565377	-1	-1	0
39565378	-1	-1	0
39565379	-1	-1	0
39565611	-1	-1	0
39565612	-1	-1	0
39565613	-1	-1	0
39565614	-1	-1	0
39565615	-1	-1	0
39565616	-1	-1	0
39565617	-1	-1	0
39565618	-1	-1	0
39565619	-1	-1	0
39565620	-1	-1	0
39565621	-1	-1	0
39565622	-1	-1	0
39565623	-1	-1	0
39565624	-1	-1	0
39565625	-1	-1	0
39565626	-1	-1	0
39565859	-1	-1	0
39565860	-1	-1	0
39565861	-1	-1	0
39565862	-1	-1	0
39565863	-1	-1	0
39565864	-1	-1	0
39565865	-1	-1	0
39565866	-1	-1	0
39565867	-1	-1	0
39565868	-1	-1	0
39565869	-1	-1	0
39565870	-1	-1	0
39565871	-1	-1	0
39565872	-1	-1	0
39565873	-1	-1	0
39565874	-1	-1	0
39565875	-1	-1	0
39566107	-1	-1	0
39566108	-1	-1	0
39566109	-1	-1	0
39566110	-1	-1	0
39566111	-1	-1	0
39566112	-1	-1	0
39566113	-1	-1	0
39566114	-1	-1	0
39566115	-1	-1	0
39566116	-1	-1	0
39566117	-1	-1	0
39566118	-1	-1	0
39566119	-1	-1	0
39566120	-1	-1	0
39566121	-1	-1	0
39566122	-1	-1	0
39566123	-1	-1	0
39566124	-1	-1	0
39566356	-1	-1	0
39566357	-1	-1	0
39566358	-1	-1	0
39566359	-1	-1	0
39566360	-1	-1	0
39566361	-1	-1	0
39566362	-1	-1	0
39566363	-1	-1	0
39566364	-1	-1	0
39566365	-1	-1	0
39566366	-1	-1	0
39566367	-1	-1	0
39566368	-1	-1	0
39566369	-1	-1	0
39566370	-1	-1	0
39566371	-1	-1	0
39566372	-1	-1	0
39566373	-1	-1	0
39566606	-1	-1	0
39566607	-1	-1	0
39566608	-1	-1	0
39566609	-1	-1	0
39566610	-1	-1	0
39566611	-1	-1	0
39566612	-1	-1	0
39566613	-1	-1	0
39566614	-1	-1	0
39566615	-1	-1	0
39566616	-1	-1	0
39566617	-1	-1	0
39566618	-1	-1	0
39566619	-1	-1	0
39566620	-1	-1	0
39566621	-1	-1	0
39566622	-1	-1	0
39566623	-1	-1	0
39566624	-1	-1	0
39566856	-1	-1	0
39566857	-1	-1	0
39566858	-1	-1	0
39566859	-1	-1	0
39566860	-1	-1	0
39566861	-1	-1	0
39566862	-1	-1	0
39566863	-1	-1	0
39566864	-1	-1	0
39566865	-1	-1	0
39566866	-1	-1	0
39566867	-1	-1	0
39566868	-1	-1	0
39566869	-1	-1	0
39566870	-1	-1	0
39566871	-1	-1	0
39566872	-1	-1	0
39566873	-1	-1	0
39566874	-1	-1	0
39567108	-1	-1	0
39567109	-1	-1	0
39567110	-1	-1	0
39567111	-1	-1	0
39567112	-1	-1	0
39567113	-1	-1	0
39567114	-1	-1	0
39567115	-1	-1	0
39567116	-1	-1	0
39567117	-1	-1	0
39567118	-1	-1	0
39567119	-1	-1	0
39567120	-1	-1	0
39567121	-1	-1	0
39567122	-1	-1	0
39567123	-1	-1	0
39567124	-1	-1	0
39567125	-1	-1	0
39567126	-1	-1	0
39567127	-1	-1	0
39567360	-1	-1	0
39567361	-1	-1	0
39567362	-1	-1	0
39567363	-1	-1	0
39567364	-1	-1	0
39567365	-1	-1	0
39567366	-1	-1	0
39567367	-1	-1	0
39567368	-1	-1	0
39567369	-1	-1	0
39567370	-1	-1	0
39567371	-1	-1	0
39567372	-1	-1	0
39567373	-1	-1	0
39567374	-1	-1	0
39567375	-1	-1	0
39567376	-1	-1	0
39567377	-1	-1	0
39567378	-1	-1	0
39567379	-1	-1	0
39567613	-1	-1	0
39567614	-1	-1	0
39567615	-1	-1	0
39567616	-1	-1	0
39567617	-1	-1	0
39567618	-1	-1	0
39567619	-1	-1	0
39567620	-1	-1	0
39567621	-1	-1	0
39567622	-1	-1	0
39567623	-1	-1	0
39567624	-1	-1	0
39567625	-1	-1	0
39567626	-1	-1	0
39567627	-1	-1	0
39567628	-1	-1	0
39567629	-1	-1	0
39567630	-1	-1	0
39567631	-1	-1	0
39567632	-1	-1	0
39567633	-1	-1	0
39567867	-1	-1	0
39567868	-1	-1	0
39567869	-1	-1	0
39567870	-1	-1	0
39567871	-1	-1	0
39567872	-1	-1	0
39567873	-1	-1	0
39567874	-1	-1	0
39567875	-1	-1	0
39567876	-1	-1	0
39567877	-1	-1	0
39567878	-1	-1	0
39567879	-1	-1	0
39567880	-1	-1	0
39567881	-1	-1	0
39567882	-1	-1	0
39567883	-1	-1	0
39567884	-1	-1	0
39567885	-1	-1	0
39567886	-1	-1	0
39567887	-1	-1	0
39568121	-1	-1	0
39568122	-1	-1	0
39568123	-1	-1	0
39568124	-1	-1	0
39568125	-1	-1	0
39568126	-1	-1	0
39568127	-1	-1	0
39568128	-1	-1	0
39568129	-1	-1	0
39568130	-1	-1	0
39568131	-1	-1	0
39568132	-1	-1	0
39568133	-1	-1	0
39568134	-1	-1	0
39568135	-1	-1	0
39568136	-1	-1	0
39568137	-1	-1	0
39568138	-1	-1	0
39568139	-1	-1	0
39568140	-1	-1	0
39568141	-1	-1	0
39568377	-1	-1	0
39568378	-1	-1	0
39568379	-1	-1	0
39568380	-1	-1	0
39568381	-1	-1	0
39568382	-1	-1	0
39568383	-1	-1	0
39568384	-1	-1	0
39568385	-1	-1	0
39568386	-1	-1	0
39568387	-1	-1	0
39568388	-1	-1	0
39568389	-1	-1	0
39568390	-1	-1	0
39568391	-1	-1	0
39568392	-1	-1	0
39568393	-1	-1	0
39568394	-1	-1	0
39568395	-1	-1	0
39568396	-1	-1	0
39568397	-1	-1	0
39568633	-1	-1	0
39568634	-1	-1	0
39568635	-1	-1	0
39568636	-1	-1	0
39568637	-1	-1	0
39568638	-1	-1	0
39568639	-1	-1	0
39568640	-1	-1	0
39568641	-1	-1	0
39568642	-1	-1	0
39568643	-1	-1	0
39568644	-1	-1	0
39568645	-1	-1	0
39568646	-1	-1	0
39568647	-1	-1	0
39568648	-1	-1	0
39568649	-1	-1	0
39568650	-1	-1	0
39568651	-1	-1	0
39568652	-1	-1	0
39568653	-1	-1	0
39568889	-1	-1	0
39568890	-1	-1	0
39568891	-1	-1	0
39568892	-1	-1	0
39568893	-1	-1	0
39568894	-1	-1	0
39568895	-1	-1	0
39568896	-1	-1	0
39568897	-1	-1	0
39568898	-1	-1	0
39568899	-1	-1	0
39568900	-1	-1	0
39568901	-1	-1	0
39568902	-1	-1	0
39568903	-1	-1	0
39568904	-1	-1	0
39568905	-1	-1	0
39568906	-1	-1	0
39568907	-1	-1	0
39568908	-1	-1	0
39568909	-1	-1	0
39569146	-1	-1	0
39569147	-1	-1	0
39569148	-1	-1	0
39569149	-1	-1	0
39569150	-1	-1	0
39569151	-1	-1	0
39569152	-1	-1	0
39569153	-1	-1	0
39569154	-1	-1	0
39569155	-1	-1	0
39569156	-1	-1	0
39569157	-1	-1	0
39569158	-1	-1	0
39569159	-1	-1	0
39569160	-1	-1	0
39569161	-1	-1	0
39569162	-1	-1	0
39569163	-1	-1	0
39569164	-1	-1	0
39569165	-1	-1	0
39569166	-1	-1	0
39569167	-1	-1	0
38849573	-1	1	0
38884018	-1	1	0
38884272	-1	1	0
38884526	-1	1	0
38884782	-1	1	0
38885038	-1	1	0
38885294	-1	1	0
38885545	-1	1	0
38885546	-1	1	0
38885547	-1	1	0
38885548	-1	1	0
38885549	-1	1	0
38885550	-1	1	0
38885551	-1	1	0
38919491	-1	1	0
38919743	-1	1	0
38919996	-1	1	0
38920250	-1	1	0
38920504	-1	1	0
38920760	-1	1	0
38921016	-1	1	0
38921272	-1	1	0
38921521	-1	1	0
38921522	-1	1	0
38921523	-1	1	0
38921524	-1	1	0
38921525	-1	1	0
38921526	-1	1	0
38921527	-1	1	0
38921528	-1	1	0
38921529	-1	1	0
38954967	-1	1	0
38955217	-1	1	0
38955469	-1	1	0
38955721	-1	1	0
38955974	-1	1	0
38956228	-1	1	0
38956482	-1	1	0
38956738	-1	1	0
38956994	-1	1	0
38957250	-1	1	0
38957497	-1	1	0
38957498	-1	1	0
38957499	-1	1	0
38957500	-1	1	0
38957501	-1	1	0
38957502	-1	1	0
38957503	-1	1	0
38957504	-1	1	0
38957505	-1	1	0
38957506	-1	1	0
38957507	-1	1	0
38990446	-1	1	0
38990695	-1	1	0
38990945	-1	1	0
38991195	-1	1	0
38991447	-1	1	0
38991699	-1	1	0
38991952	-1	1	0
38992206	-1	1	0
38992460	-1	1	0
38992716	-1	1	0
38992972	-1	1	0
38993228	-1	1	0
38993473	-1	1	0
38993474	-1	1	0
38993475	-1	1	0
38993476	-1	1	0
38993477	-1	1	0
38993478	-1	1	0
38993479	-1	1	0
38993480	-1	1	0
38993481	-1	1	0
38993482	-1	1	0
38993483	-1	1	0
38993484	-1	1	0
38993485	-1	1	0
39026176	-1	1	0
39026424	-1	1	0
39026673	-1	1	0
39026923	-1	1	0
39027173	-1	1	0
39027425	-1	1	0
39027677	-1	1	0
39027930	-1	1	0
39028184	-1	1	0
39028438	-1	1	0
39028694	-1	1	0
39028950	-1	1	0
39029206	-1	1	0
39029450	-1	1	0
39029451	-1	1	0
39029452	-1	1	0
39029453	-1	1	0
39029454	-1	1	0
39029455	-1	1	0
39029456	-1	1	0
39029457	-1	1	0
39029458	-1	1	0
39029459	-1	1	0
39029460	-1	1	0
39029461	-1	1	0
39029462	-1	1	0
39029463	-1	1	0
39061906	-1	1	0
39062154	-1	1	0
39062402	-1	1	0
39062651	-1	1	0
39062901	-1	1	0
39063151	-1	1	0
39063403	-1	1	0
39063655	-1	1	0
39063908	-1	1	0
39064162	-1	1	0
39064416	-1	1	0
39064672	-1	1	0
39064928	-1	1	0
39065184	-1	1	0
39065427	-1	1	0
39065428	-1	1	0
39065429	-1	1	0
39065430	-1	1	0
39065431	-1	1	0
39065432	-1	1	0
39065433	-1	1	0
39065434	-1	1	0
39065435	-1	1	0
39065436	-1	1	0
39065437	-1	1	0
39065438	-1	1	0
39065439	-1	1	0
39065440	-1	1	0
39065441	-1	1	0
39097638	-1	1	0
39097884	-1	1	0
39098132	-1	1	0
39098380	-1	1	0
39098629	-1	1	0
39098879	-1	1	0
39099129	-1	1	0
39099381	-1	1	0
39099633	-1	1	0
39099886	-1	1	0
39100140	-1	1	0
39100394	-1	1	0
39100650	-1	1	0
39100906	-1	1	0
39101162	-1	1	0
39101404	-1	1	0
39101405	-1	1	0
39101406	-1	1	0
39101407	-1	1	0
39101408	-1	1	0
39101409	-1	1	0
39101410	-1	1	0
39101411	-1	1	0
39101412	-1	1	0
39101413	-1	1	0
39101414	-1	1	0
39101415	-1	1	0
39101416	-1	1	0
39101417	-1	1	0
39101418	-1	1	0
39101419	-1	1	0
39133370	-1	1	0
39133616	-1	1	0
39133862	-1	1	0
39134110	-1	1	0
39134358	-1	1	0
39134607	-1	1	0
39134857	-1	1	0
39135107	-1	1	0
39135359	-1	1	0
39135611	-1	1	0
39135864	-1	1	0
39136118	-1	1	0
39136372	-1	1	0
39136628	-1	1	0
39136884	-1	1	0
39137140	-1	1	0
39137381	-1	1	0
39137382	-1	1	0
39137383	-1	1	0
39137384	-1	1	0
39137385	-1	1	0
39137386	-1	1	0
39137387	-1	1	0
39137388	-1	1	0
39137389	-1	1	0
39137390	-1	1	0
39137391	-1	1	0
39137392	-1	1	0
39137393	-1	1	0
39137394	-1	1	0
39137395	-1	1	0
39137396	-1	1	0
39137397	-1	1	0
39169349	-1	1	0
39169595	-1	1	0
39169841	-1	1	0
39170089	-1	1	0
39170337	-1	1	0
39170586	-1	1	0
39170836	-1	1	0
39171086	-1	1	0
39171338	-1	1	0
39171590	-1	1	0
39171843	-1	1	0
39172097	-1	1	0
39172351	-1	1	0
39172607	-1	1	0
39172863	-1	1	0
39173119	-1	1	0
39173360	-1	1	0
39173361	-1	1	0
39173362	-1	1	0
39173363	-1	1	0
39173364	-1	1	0
39173365	-1	1	0
39173366	-1	1	0
39173367	-1	1	0
39173368	-1	1	0
39173369	-1	1	0
39173370	-1	1	0
39173371	-1	1	0
39173372	-1	1	0
39173373	-1	1	0
39173374	-1	1	0
39173375	-1	1	0
39173376	-1	1	0
39205084	-1	1	0
39205328	-1	1	0
39205574	-1	1	0
39205820	-1	1	0
39206068	-1	1	0
39206316	-1	1	0
39206565	-1	1	0
39206815	-1	1	0
39207065	-1	1	0
39207317	-1	1	0
39207569	-1	1	0
39207822	-1	1	0
39208076	-1	1	0
39208330	-1	1	0
39208586	-1	1	0
39208842	-1	1	0
39209098	-1	1	0
39209338	-1	1	0
39209339	-1	1	0
39209340	-1	1	0
39209341	-1	1	0
39209342	-1	1	0
39209343	-1	1	0
39209344	-1	1	0
39209345	-1	1	0
39209346	-1	1	0
39209347	-1	1	0
39209348	-1	1	0
39209349	-1	1	0
39209350	-1	1	0
39209351	-1	1	0
39209352	-1	1	0
39209353	-1	1	0
39209354	-1	1	0
39209355	-1	1	0
39241063	-1	1	0
39241307	-1	1	0
39241553	-1	1	0
39241799	-1	1	0
39242047	-1	1	0
39242295	-1	1	0
39242544	-1	1	0
39242794	-1	1	0
39243044	-1	1	0
39243296	-1	1	0
39243548	-1	1	0
39243801	-1	1	0
39244055	-1	1	0
39244309	-1	1	0
39244565	-1	1	0
39244821	-1	1	0
39245077	-1	1	0
39245317	-1	1	0
39245318	-1	1	0
39245319	-1	1	0
39245320	-1	1	0
39245321	-1	1	0
39245322	-1	1	0
39245323	-1	1	0
39245324	-1	1	0
39245325	-1	1	0
39245326	-1	1	0
39245327	-1	1	0
39245328	-1	1	0
39245329	-1	1	0
39245330	-1	1	0
39245331	-1	1	0
39245332	-1	1	0
39245333	-1	1	0
39245334	-1	1	0
39276798	-1	1	0
39277042	-1	1	0
39277286	-1	1	0
39277532	-1	1	0
39277778	-1	1	0
39278026	-1	1	0
39278274	-1	1	0
39278523	-1	1	0
39278773	-1	1	0
39279023	-1	1	0
39279275	-1	1	0
39279527	-1	1	0
39279780	-1	1	0
39280034	-1	1	0
39280288	-1	1	0
39280544	-1	1	0
39280800	-1	1	0
39281056	-1	1	0
39281295	-1	1	0
39281296	-1	1	0
39281297	-1	1	0
39281298	-1	1	0
39281299	-1	1	0
39281300	-1	1	0
39281301	-1	1	0
39281302	-1	1	0
39281303	-1	1	0
39281304	-1	1	0
39281305	-1	1	0
39281306	-1	1	0
39281307	-1	1	0
39281308	-1	1	0
39281309	-1	1	0
39281310	-1	1	0
39281311	-1	1	0
39281312	-1	1	0
39281313	-1	1	0
39312777	-1	1	0
39313021	-1	1	0
39313265	-1	1	0
39313511	-1	1	0
39313757	-1	1	0
39314005	-1	1	0
39314253	-1	1	0
39314502	-1	1	0
39314752	-1	1	0
39315002	-1	1	0
39315254	-1	1	0
39315506	-1	1	0
39315759	-1	1	0
39316013	-1	1	0
39316267	-1	1	0
39316523	-1	1	0
39316779	-1	1	0
39317035	-1	1	0
39317274	-1	1	0
39317275	-1	1	0
39317276	-1	1	0
39317277	-1	1	0
39317278	-1	1	0
39317279	-1	1	0
39317280	-1	1	0
39317281	-1	1	0
39317282	-1	1	0
39317283	-1	1	0
39317284	-1	1	0
39317285	-1	1	0
39317286	-1	1	0
39317287	-1	1	0
39317288	-1	1	0
39317289	-1	1	0
39317290	-1	1	0
39317291	-1	1	0
39317292	-1	1	0
39348514	-1	1	0
39348756	-1	1	0
39349000	-1	1	0
39349244	-1	1	0
39349490	-1	1	0
39349736	-1	1	0
39349984	-1	1	0
39350232	-1	1	0
39350481	-1	1	0
39350731	-1	1	0
39350981	-1	1	0
39351233	-1	1	0
39351485	-1	1	0
39351738	-1	1	0
39351992	-1	1	0
39352246	-1	1	0
39352502	-1	1	0
39352758	-1	1	0
39353014	-1	1	0
39353252	-1	1	0
39353253	-1	1	0
39353254	-1	1	0
39353255	-1	1	0
39353256	-1	1	0
39353257	-1	1	0
39353258	-1	1	0
39353259	-1	1	0
39353260	-1	1	0
39353261	-1	1	0
39353262	-1	1	0
39353263	-1	1	0
39353264	-1	1	0
39353265	-1	1	0
39353266	-1	1	0
39353267	-1	1	0
39353268	-1	1	0
39353269	-1	1	0
39353270	-1	1	0
39353271	-1	1	0
39384493	-1	1	0
39384735	-1	1	0
39384979	-1	1	0
39385223	-1	1	0
39385469	-1	1	0
39385715	-1	1	0
39385963	-1	1	0
39386211	-1	1	0
39386460	-1	1	0
39386710	-1	1	0
39386960	-1	1	0
39387212	-1	1	0
39387464	-1	1	0
39387717	-1	1	0
39387971	-1	1	0
39388225	-1	1	0
39388481	-1	1	0
39388737	-1	1	0
39388993	-1	1	0
39389231	-1	1	0
39389232	-1	1	0
39389233	-1	1	0
39389234	-1	1	0
39389235	-1	1	0
39389236	-1	1	0
39389237	-1	1	0
39389238	-1	1	0
39389239	-1	1	0
39389240	-1	1	0
39389241	-1	1	0
39389242	-1	1	0
39389243	-1	1	0
39389244	-1	1	0
39389245	-1	1	0
39389246	-1	1	0
39389247	-1	1	0
39389248	-1	1	0
39389249	-1	1	0
39389250	-1	1	0
39420472	-1	1	0
39420714	-1	1	0
39420958	-1	1	0
39421202	-1	1	0
39421448	-1	1	0
39421694	-1	1	0
39421942	-1	1	0
39422190	-1	1	0
39422439	-1	1	0
39422689	-1	1	0
39422939	-1	1	0
39423191	-1	1	0
39423443	-1	1	0
39423696	-1	1	0
39423950	-1	1	0
39424204	-1	1	0
39424460	-1	1	0
39424716	-1	1	0
39424972	-1	1	0
39425210	-1	1	0
39425211	-1	1	0
39425212	-1	1	0
39425213	-1	1	0
39425214	-1	1	0
39425215	-1	1	0
39425216	-1	1	0
39425217	-1	1	0
39425218	-1	1	0
39425219	-1	1	0
39425220	-1	1	0
39425221	-1	1	0
39425222	-1	1	0
39425223	-1	1	0
39425224	-1	1	0
39425225	-1	1	0
39425226	-1	1	0
39425227	-1	1	0
39425228	-1	1	0
39425229	-1	1	0
39456451	-1	1	0
39456693	-1	1	0
39456937	-1	1	0
39457181	-1	1	0
39457427	-1	1	0
39457673	-1	1	0
39457921	-1	1	0
39458169	-1	1	0
39458418	-1	1	0
39458668	-1	1	0
39458918	-1	1	0
39459170	-1	1	0
39459422	-1	1	0
39459675	-1	1	0
39459929	-1	1	0
39460183	-1	1	0
39460439	-1	1	0
39460695	-1	1	0
39460951	-1	1	0
39461189	-1	1	0
39461190	-1	1	0
39461191	-1	1	0
39461192	-1	1	0
39461193	-1	1	0
39461194	-1	1	0
39461195	-1	1	0
39461196	-1	1	0
39461197	-1	1	0
39461198	-1	1	0
39461199	-1	1	0
39461200	-1	1	0
39461201	-1	1	0
39461202	-1	1	0
39461203	-1	1	0
39461204	-1	1	0
39461205	-1	1	0
39461206	-1	1	0
39461207	-1	1	0
39461208	-1	1	0
39492430	-1	1	0
39492672	-1	1	0
39492916	-1	1	0
39493160	-1	1	0
39493406	-1	1	0
39493652	-1	1	0
39493900	-1	1	0
39494148	-1	1	0
39494397	-1	1	0
39494647	-1	1	0
39494897	-1	1	0
39495149	-1	1	0
39495401	-1	1	0
39495654	-1	1	0
39495908	-1	1	0
39496162	-1	1	0
39496418	-1	1	0
39496674	-1	1	0
39496930	-1	1	0
39497168	-1	1	0
39497169	-1	1	0
39497170	-1	1	0
39497171	-1	1	0
39497172	-1	1	0
39497173	-1	1	0
39497174	-1	1	0
39497175	-1	1	0
39497176	-1	1	0
39497177	-1	1	0
39497178	-1	1	0
39497179	-1	1	0
39497180	-1	1	0
39497181	-1	1	0
39497182	-1	1	0
39497183	-1	1	0
39497184	-1	1	0
39497185	-1	1	0
39497186	-1	1	0
39497187	-1	1	0
39528409	-1	1	0
39528651	-1	1	0
39528895	-1	1	0
39529139	-1	1	0
39529385	-1	1	0
39529631	-1	1	0
39529879	-1	1	0
39530127	-1	1	0
39530376	-1	1	0
39530626	-1	1	0
39530876	-1	1	0
39531128	-1	1	0
39531380	-1	1	0
39531633	-1	1	0
39531887	-1	1	0
39532141	-1	1	0
39532397	-1	1	0
39532653	-1	1	0
39532909	-1	1	0
39533147	-1	1	0
39533148	-1	1	0
39533149	-1	1	0
39533150	-1	1	0
39533151	-1	1	0
39533152	-1	1	0
39533153	-1	1	0
39533154	-1	1	0
39533155	-1	1	0
39533156	-1	1	0
39533157	-1	1	0
39533158	-1	1	0
39533159	-1	1	0
39533160	-1	1	0
39533161	-1	1	0
39533162	-1	1	0
39533163	-1	1	0
39533164	-1	1	0
39533165	-1	1	0
39533166	-1	1	0
39564146	-1	1	0
39564382	-1	1	0
39564383	-1	1	0
39564384	-1	1	0
39564385	-1	1	0
39564386	-1	1	0
39564387	-1	1	0
39564388	-1	1	0
39564622	-1	1	0
39564623	-1	1	0
39564624	-1	1	0
39564625	-1	1	0
39564626	-1	1	0
39564627	-1	1	0
39564628	-1	1	0
39564629	-1	1	0
39564630	-1	1	0
39564864	-1	1	0
39564865	-1	1	0
39564866	-1	1	0
39564867	-1	1	0
39564868	-1	1	0
39564869	-1	1	0
39564870	-1	1	0
39564871	-1	1	0
39564872	-1	1	0
39564873	-1	1	0
39564874	-1	1	0
39565106	-1	1	0
39565107	-1	1	0
39565108	-1	1	0
39565109	-1	1	0
39565110	-1	1	0
39565111	-1	1	0
39565112	-1	1	0
39565113	-1	1	0
39565114	-1	1	0
39565115	-1	1	0
39565116	-1	1	0
39565117	-1	1	0
39565118	-1	1	0
39565351	-1	1	0
39565352	-1	1	0
39565353	-1	1	0
39565354	-1	1	0
39565355	-1	1	0
39565356	-1	1	0
39565357	-1	1	0
39565358	-1	1	0
39565359	-1	1	0
39565360	-1	1	0
39565361	-1	1	0
39565362	-1	1	0
39565363	-1	1	0
39565364	-1	1	0
39565596	-1	1	0
39565597	-1	1	0
39565598	-1	1	0
39565599	-1	1	0
39565600	-1	1	0
39565601	-1	1	0
39565602	-1	1	0
39565603	-1	1	0
39565604	-1	1	0
39565605	-1	1	0
39565606	-1	1	0
39565607	-1	1	0
39565608	-1	1	0
39565609	-1	1	0
39565610	-1	1	0
39565843	-1	1	0
39565844	-1	1	0
39565845	-1	1	0
39565846	-1	1	0
39565847	-1	1	0
39565848	-1	1	0
39565849	-1	1	0
39565850	-1	1	0
39565851	-1	1	0
39565852	-1	1	0
39565853	-1	1	0
39565854	-1	1	0
39565855	-1	1	0
39565856	-1	1	0
39565857	-1	1	0
39565858	-1	1	0
39566090	-1	1	0
39566091	-1	1	0
39566092	-1	1	0
39566093	-1	1	0
39566094	-1	1	0
39566095	-1	1	0
39566096	-1	1	0
39566097	-1	1	0
39566098	-1	1	0
39566099	-1	1	0
39566100	-1	1	0
39566101	-1	1	0
39566102	-1	1	0
39566103	-1	1	0
39566104	-1	1	0
39566105	-1	1	0
39566106	-1	1	0
39566339	-1	1	0
39566340	-1	1	0
39566341	-1	1	0
39566342	-1	1	0
39566343	-1	1	0
39566344	-1	1	0
39566345	-1	1	0
39566346	-1	1	0
39566347	-1	1	0
39566348	-1	1	0
39566349	-1	1	0
39566350	-1	1	0
39566351	-1	1	0
39566352	-1	1	0
39566353	-1	1	0
39566354	-1	1	0
39566355	-1	1	0
39566588	-1	1	0
39566589	-1	1	0
39566590	-1	1	0
39566591	-1	1	0
39566592	-1	1	0
39566593	-1	1	0
39566594	-1	1	0
39566595	-1	1	0
39566596	-1	1	0
39566597	-1	1	0
39566598	-1	1	0
39566599	-1	1	0
39566600	-1	1	0
39566601	-1	1	0
39566602	-1	1	0
39566603	-1	1	0
39566604	-1	1	0
39566605	-1	1	0
39566838	-1	1	0
39566839	-1	1	0
39566840	-1	1	0
39566841	-1	1	0
39566842	-1	1	0
39566843	-1	1	0
39566844	-1	1	0
39566845	-1	1	0
39566846	-1	1	0
39566847	-1	1	0
39566848	-1	1	0
39566849	-1	1	0
39566850	-1	1	0
39566851	-1	1	0
39566852	-1	1	0
39566853	-1	1	0
39566854	-1	1	0
39566855	-1	1	0
39567089	-1	1	0
39567090	-1	1	0
39567091	-1	1	0
39567092	-1	1	0
39567093	-1	1	0
39567094	-1	1	0
39567095	-1	1	0
39567096	-1	1	0
39567097	-1	1	0
39567098	-1	1	0
39567099	-1	1	0
39567100	-1	1	0
39567101	-1	1	0
39567102	-1	1	0
39567103	-1	1	0
39567104	-1	1	0
39567105	-1	1	0
39567106	-1	1	0
39567107	-1	1	0
39567341	-1	1	0
39567342	-1	1	0
39567343	-1	1	0
39567344	-1	1	0
39567345	-1	1	0
39567346	-1	1	0
39567347	-1	1	0
39567348	-1	1	0
39567349	-1	1	0
39567350	-1	1	0
39567351	-1	1	0
39567352	-1	1	0
39567353	-1	1	0
39567354	-1	1	0
39567355	-1	1	0
39567356	-1	1	0
39567357	-1	1	0
39567358	-1	1	0
39567359	-1	1	0
39567593	-1	1	0
39567594	-1	1	0
39567595	-1	1	0
39567596	-1	1	0
39567597	-1	1	0
39567598	-1	1	0
39567599	-1	1	0
39567600	-1	1	0
39567601	-1	1	0
39567602	-1	1	0
39567603	-1	1	0
39567604	-1	1	0
39567605	-1	1	0
39567606	-1	1	0
39567607	-1	1	0
39567608	-1	1	0
39567609	-1	1	0
39567610	-1	1	0
39567611	-1	1	0
39567612	-1	1	0
39567847	-1	1	0
39567848	-1	1	0
39567849	-1	1	0
39567850	-1	1	0
39567851	-1	1	0
39567852	-1	1	0
39567853	-1	1	0
39567854	-1	1	0
39567855	-1	1	0
39567856	-1	1	0
39567857	-1	1	0
39567858	-1	1	0
39567859	-1	1	0
39567860	-1	1	0
39567861	-1	1	0
39567862	-1	1	0
39567863	-1	1	0
39567864	-1	1	0
39567865	-1	1	0
39567866	-1	1	0
39568101	-1	1	0
39568102	-1	1	0
39568103	-1	1	0
39568104	-1	1	0
39568105	-1	1	0
39568106	-1	1	0
39568107	-1	1	0
39568108	-1	1	0
39568109	-1	1	0
39568110	-1	1	0
39568111	-1	1	0
39568112	-1	1	0
39568113	-1	1	0
39568114	-1	1	0
39568115	-1	1	0
39568116	-1	1	0
39568117	-1	1	0
39568118	-1	1	0
39568119	-1	1	0
39568120	-1	1	0
39568357	-1	1	0
39568358	-1	1	0
39568359	-1	1	0
39568360	-1	1	0
39568361	-1	1	0
39568362	-1	1	0
39568363	-1	1	0
39568364	-1	1	0
39568365	-1	1	0
39568366	-1	1	0
39568367	-1	1	0
39568368	-1	1	0
39568369	-1	1	0
39568370	-1	1	0
39568371	-1	1	0
39568372	-1	1	0
39568373	-1	1	0
39568374	-1	1	0
39568375	-1	1	0
39568376	-1	1	0
39568613	-1	1	0
39568614	-1	1	0
39568615	-1	1	0
39568616	-1	1	0
39568617	-1	1	0
39568618	-1	1	0
39568619	-1	1	0
39568620	-1	1	0
39568621	-1	1	0
39568622	-1	1	0
39568623	-1	1	0
39568624	-1	1	0
39568625	-1	1	0
39568626	-1	1	0
39568627	-1	1	0
39568628	-1	1	0
39568629	-1	1	0
39568630	-1	1	0
39568631	-1	1	0
39568632	-1	1	0
39568869	-1	1	0
39568870	-1	1	0
39568871	-1	1	0
39568872	-1	1	0
39568873	-1	1	0
39568874	-1	1	0
39568875	-1	1	0
39568876	-1	1	0
39568877	-1	1	0
39568878	-1	1	0
39568879	-1	1	0
39568880	-1	1	0
39568881	-1	1	0
39568882	-1	1	0
39568883	-1	1	0
39568884	-1	1	0
39568885	-1	1	0
39568886	-1	1	0
39568887	-1	1	0
39568888	-1	1	0
39569125	-1	1	0
39569126	-1	1	0
39569127	-1	1	0
39569128	-1	1	0
39569129	-1	1	0
39569130	-1	1	0
39569131	-1	1	0
39569132	-1	1	0
39569133	-1	1	0
39569134	-1	1	0
39569135	-1	1	0
39569136	-1	1	0
39569137	-1	1	0
39569138	-1	1	0
39569139	-1	1	0
39569140	-1	1	0
39569141	-1	1	0
39569142	-1	1	0
39569143	-1	1	0
39569144	-1	1	0
39569145	-1	1	0